Base 6
10 digits

Rings found: 8
Ring Lengths: 12111221
Length Average: 1.375
Linkages:
0000000000, 0000000000, Ring-Length: 1
0000000001, 0555555555, 1455555555, 0244555555, 0112344555, 0111234445, 0122233345, 0111234445, Ring-Length: 2
0000000002, 1455555555
0000000003, 2355555555, 1333555555, 1222333455, 0222334455, 1122333555, 0122344455, 0112233445, 0112233445, Ring-Length: 1
0000000004, 2355555555
0000000005, 1455555555
0000000011, 0145555555, 0114455555, 0111144445, 1222223335, 0112444455, 1112334555, 1112344455, 0122233444, 0122233444, Ring-Length: 1
0000000012, 0244555555
0000000013, 0334555555, 0122334555, 1112334555
0000000014, 0244555555
0000000015, 0145555555
0000000022, 1234555555, 0222334455
0000000023, 1333555555
0000000024, 1234555555
0000000025, 1135555555, 1123445555, 1122334455, 1122334455, Ring-Length: 1
0000000033, 2233555555, 1223333355, 0223445555, 1122333555
0000000034, 2224555555, 0223333455, 1123355555, 1122233344, 0112333444, 0222334455
0000000035, 1225555555, 2222345555, 0222333334, 0112444455
0000000044, 1234555555
0000000045, 1135555555
0000000055, 0145555555
0000000111, 0114455555
0000000112, 0124445555, 0112344555
0000000113, 0133445555, 1112334555
0000000114, 0124445555
0000000115, 0114455555
0000000122, 0223445555
0000000123, 0233345555, 0122233345
0000000124, 0223445555
0000000125, 0123455555, 0112233445
0000000133, 0233345555
0000000134, 0223445555
0000000135, 0123455555
0000000144, 0124445555
0000000145, 0114455555
0000000155, 0014555555, 0011445555, 0111345555, 0111144445
0000000222, 1223345555, 0222233344, 0112234444, 0222233344, Ring-Length: 2
0000000223, 1233335555, 1222333455
0000000224, 1223345555
0000000225, 1123355555
0000000233, 1233335555
0000000234, 1223345555
0000000235, 1123355555
0000000244, 1123445555
0000000245, 1113455555, 0112234444
0000000255, 0113555555, 1111344555, 0112234444
0000000333, 2223335555, 1223333355
0000000334, 2222345555
0000000335, 1222355555, 1222233334, 0111334444, 2222233455, 0122333344, 0122344455
0000000344, 1222445555, 2222233455
0000000345, 1122455555, 0122233444
0000000355, 0122555555, 1122234555, 0122233444
0000000444, 1123445555
0000000445, 1113455555
0000000455, 0113555555
0000000555, 0014555555
0000001111, 0111444555, 1112244555, 1112233444, 0122333344
0000001112, 0112444455
0000001113, 0113344455, 0111234445
0000001114, 0112444455
0000001115, 0111444555
0000001122, 0122344455
0000001123, 0123334455, 0112344555
0000001124, 0122344455
0000001125, 0112344555
0000001133, 0123334455
0000001134, 0122344455
0000001135, 0112344555
0000001144, 0112444455
0000001145, 0111444555
0000001155, 0011445555
0000001222, 0222334455
0000001223, 0223333455
0000001224, 0222334455
0000001225, 0122334555
0000001233, 0223333455
0000001234, 0222334455
0000001235, 0122334555
0000001244, 0122344455
0000001245, 0112344555
0000001255, 0012345555, 0011234455, 0012233455, 0011234455, Ring-Length: 2
0000001333, 0223333455
0000001334, 0222334455
0000001335, 0122334555
0000001344, 0122344455
0000001345, 0112344555
0000001355, 0012345555
0000001444, 0112444455
0000001445, 0111444555
0000001455, 0011445555
0000001555, 0001455555, 0001144555, 0012223555, 0011445555
0000002222, 1222333455
0000002223, 1223333355
0000002224, 1222333455
0000002225, 1122333555
0000002233, 1223333355
0000002234, 1222333455
0000002235, 1122333555
0000002244, 1122334455
0000002245, 1112334555
0000002255, 0112335555, 1112244555
0000002333, 1223333355
0000002334, 1222333455
0000002335, 1122333555
0000002344, 1122334455
0000002345, 1112334555
0000002355, 0112335555
0000002444, 1112344455
0000002445, 1111344555
0000002455, 0111345555
0000002555, 0011355555, 0111134455, 1112233345, 0122233444
0000003333, 2222333355, 0123334455
0000003334, 2222233455
0000003335, 1222233555, 0122233444
0000003344, 1222234455, 0222233344
0000003345, 1122234555
0000003355, 0122235555, 0112233445
0000003444, 1122244455, 1122233344
0000003445, 1112244555
0000003455, 0112245555, 1111233445, 0222233344
0000003555, 0012255555, 0112223455, 0112344555
0000004444, 1112344455
0000004445, 1111344555
0000004455, 0111345555
0000004555, 0011355555
0000005555, 0001455555
0000011111, 0111144445
0000011112, 0111244444, 1222233334
0000011113, 0111334444
0000011114, 0111244444
0000011115, 0111144445
0000011122, 0112234444
0000011123, 0112333444
0000011124, 0112234444
0000011125, 0111234445
0000011133, 0112333444
0000011134, 0112234444
0000011135, 0111234445
0000011144, 0111244444
0000011145, 0111144445
0000011155, 0011144455, 0122223355, 0111444555
0000011222, 0122233444
0000011223, 0122333344
0000011224, 0122233444
0000011225, 0112233445
0000011233, 0122333344
0000011234, 0122233444
0000011235, 0112233445
0000011244, 0112234444
0000011245, 0111234445
0000011255, 0011234455
0000011333, 0122333344
0000011334, 0122233444
0000011335, 0112233445
0000011344, 0112234444
0000011345, 0111234445
0000011355, 0011234455
0000011444, 0111244444
0000011445, 0111144445
0000011455, 0011144455
0000011555, 0001144555
0000012222, 0222233344
0000012223, 0222333334
0000012224, 0222233344
0000012225, 0122233345
0000012233, 0222333334
0000012234, 0222233344
0000012235, 0122233345
0000012244, 0122233444
0000012245, 0112233445
0000012255, 0012233455
0000012333, 0222333334
0000012334, 0222233344
0000012335, 0122233345
0000012344, 0122233444
0000012345, 0112233445
0000012355, 0012233455
0000012444, 0112234444
0000012445, 0111234445
0000012455, 0011234455
0000012555, 0001234555, 0001234555, Ring-Length: 1
0000013333, 0222333334
0000013334, 0222233344
0000013335, 0122233345
0000013344, 0122233444
0000013345, 0112233445
0000013355, 0012233455
0000013444, 0112234444
0000013445, 0111234445
0000013455, 0011234455
0000013555, 0001234555
0000014444, 0111244444
0000014445, 0111144445
0000014455, 0011144455
0000014555, 0001144555
0000015555, 0000145555, 0001225555, 0011355555
0000022222, 1222233334
0000022223, 1222333333, 0112444455
0000022224, 1222233334
0000022225, 1122233335, 0112234444
0000022233, 1222333333
0000022234, 1222233334
0000022235, 1122233335
0000022244, 1122233344
0000022245, 1112233345
0000022255, 0112233355, 0111234445
0000022333, 1222333333
0000022334, 1222233334
0000022335, 1122233335
0000022344, 1122233344
0000022345, 1112233345
0000022355, 0112233355
0000022444, 1112233444
0000022445, 1111233445
0000022455, 0111233455, 0112233445
0000022555, 0011233555, 0011234455
0000023333, 1222333333
0000023334, 1222233334
0000023335, 1122233335
0000023344, 1122233344
0000023345, 1112233345
0000023355, 0112233355
0000023444, 1112233444
0000023445, 1111233445
0000023455, 0111233455
0000023555, 0011233555
0000024444, 1111234444, 0222333334
0000024445, 1111134445, 1222233334
0000024455, 0111134455
0000024555, 0011134555, 0111233455
0000025555, 0001135555, 0011134555
0000033333, 2222233333, 0111144445
0000033334, 2222223334, 0112444455
0000033335, 1222223335
0000033344, 1222223344, 0123334455
0000033345, 1122223345, 0122344455
0000033355, 0122223355
0000033444, 1122223444, 0223333455
0000033445, 1112223445, 0222334455
0000033455, 0112223455
0000033555, 0012223555
0000034444, 1112224444, 1223333355
0000034445, 1111224445, 2222233455
0000034455, 0111224455, 1122234555
0000034555, 0011224555, 0112245555
0000035555, 0001225555
0000044444, 1111234444
0000044445, 1111134445
0000044455, 0111134455
0000044555, 0011134555
0000045555, 0001135555
0000055555, 0000145555
0000111111, 0111444555
0000111112, 0112444455
0000111113, 0113344455
0000111114, 0112444455
0000111115, 0111444555
0000111122, 0122344455
0000111123, 0123334455
0000111124, 0122344455
0000111125, 0112344555
0000111133, 0123334455
0000111134, 0122344455
0000111135, 0112344555
0000111144, 0112444455
0000111145, 0111444555
0000111155, 0011445555
0000111222, 0222334455
0000111223, 0223333455
0000111224, 0222334455
0000111225, 0122334555
0000111233, 0223333455
0000111234, 0222334455
0000111235, 0122334555
0000111244, 0122344455
0000111245, 0112344555
0000111255, 0012345555
0000111333, 0223333455
0000111334, 0222334455
0000111335, 0122334555
0000111344, 0122344455
0000111345, 0112344555
0000111355, 0012345555
0000111444, 0112444455
0000111445, 0111444555
0000111455, 0011445555
0000111555, 0001455555
0000112222, 1222333455
0000112223, 1223333355
0000112224, 1222333455
0000112225, 1122333555
0000112233, 1223333355
0000112234, 1222333455
0000112235, 1122333555
0000112244, 1122334455
0000112245, 1112334555
0000112255, 0112335555
0000112333, 1223333355
0000112334, 1222333455
0000112335, 1122333555
0000112344, 1122334455
0000112345, 1112334555
0000112355, 0112335555
0000112444, 1112344455
0000112445, 1111344555
0000112455, 0111345555
0000112555, 0011355555
0000113333, 2222333355
0000113334, 2222233455
0000113335, 1222233555
0000113344, 1222234455
0000113345, 1122234555
0000113355, 0122235555
0000113444, 1122244455
0000113445, 1112244555
0000113455, 0112245555
0000113555, 0012255555
0000114444, 1112344455
0000114445, 1111344555
0000114455, 0111345555
0000114555, 0011355555
0000115555, 0001455555
0000122222, 0222233344
0000122223, 0222333334
0000122224, 0222233344
0000122225, 0122233345
0000122233, 0222333334
0000122234, 0222233344
0000122235, 0122233345
0000122244, 0122233444
0000122245, 0112233445
0000122255, 0012233455
0000122333, 0222333334
0000122334, 0222233344
0000122335, 0122233345
0000122344, 0122233444
0000122345, 0112233445
0000122355, 0012233455
0000122444, 0112234444
0000122445, 0111234445
0000122455, 0011234455
0000122555, 0001234555
0000123333, 0222333334
0000123334, 0222233344
0000123335, 0122233345
0000123344, 0122233444
0000123345, 0112233445
0000123355, 0012233455
0000123444, 0112234444
0000123445, 0111234445
0000123455, 0011234455
0000123555, 0001234555
0000124444, 0111244444
0000124445, 0111144445
0000124455, 0011144455
0000124555, 0001144555
0000125555, 0000145555
0000133333, 1222333333
0000133334, 1222233334
0000133335, 1122233335
0000133344, 1122233344
0000133345, 1112233345
0000133355, 0112233355
0000133444, 1112233444
0000133445, 1111233445
0000133455, 0111233455
0000133555, 0011233555
0000134444, 1111234444
0000134445, 1111134445
0000134455, 0111134455
0000134555, 0011134555
0000135555, 0001135555
0000144444, 1112224444
0000144445, 1111224445
0000144455, 0111224455
0000144555, 0011224555
0000145555
0000155555, 0001135555
0000222222, 1222333455
0000222223, 1223333355
0000222224, 1222333455
0000222225, 1122333555
0000222233, 1223333355
0000222234, 1222333455
0000222235, 1122333555
0000222244, 1122334455
0000222245, 1112334555
0000222255, 0112335555
0000222333, 1223333355
0000222334, 1222333455
0000222335, 1122333555
0000222344, 1122334455
0000222345, 1112334555
0000222355, 0112335555
0000222444, 1112344455
0000222445, 1111344555
0000222455, 0111345555
0000222555, 0011355555
0000223333, 2222333355
0000223334, 2222233455
0000223335, 1222233555
0000223344, 1222234455
0000223345, 1122234555
0000223355, 0122235555
0000223444, 1122244455
0000223445, 1112244555
0000223455, 0112245555
0000223555, 0012255555
0000224444, 1112344455
0000224445, 1111344555
0000224455, 0111345555
0000224555, 0011355555
0000225555, 0001455555
0000233333, 0222333334
0000233334, 0222233344
0000233335, 0122233345
0000233344, 0122233444
0000233345, 0112233445
0000233355, 0012233455
0000233444, 0112234444
0000233445, 0111234445
0000233455, 0011234455
0000233555, 0001234555
0000234444, 0111244444
0000234445, 0111144445
0000234455, 0011144455
0000234555, 0001144555
0000235555, 0000145555
0000244444, 1111234444
0000244445, 1111134445
0000244455, 0111134455
0000244555, 0011134555
0000245555, 0001135555
0000255555, 0001225555
0000333333, 2222333355
0000333334, 2222233455
0000333335, 1222233555
0000333344, 1222234455
0000333345, 1122234555
0000333355, 0122235555
0000333444, 1122244455
0000333445, 1112244555
0000333455, 0112245555
0000333555, 0012255555
0000334444, 1112344455
0000334445, 1111344555
0000334455, 0111345555
0000334555, 0011355555
0000335555, 0001455555
0000344444, 0111244444
0000344445, 0111144445
0000344455, 0011144455
0000344555, 0001144555
0000345555, 0000145555
0000355555, 0001135555
0000444444, 1112344455
0000444445, 1111344555
0000444455, 0111345555
0000444555, 0011355555
0000445555, 0001455555
0000455555, 0000145555
0000555555, 0001455555
0001111111, 0114455555
0001111112, 0124445555
0001111113, 0133445555
0001111114, 0124445555
0001111115, 0114455555
0001111122, 0223445555
0001111123, 0233345555
0001111124, 0223445555
0001111125, 0123455555
0001111133, 0233345555
0001111134, 0223445555
0001111135, 0123455555
0001111144, 0124445555
0001111145, 0114455555
0001111155, 0014555555
0001111222, 1223345555
0001111223, 1233335555
0001111224, 1223345555
0001111225, 1123355555
0001111233, 1233335555
0001111234, 1223345555
0001111235, 1123355555
0001111244, 1123445555
0001111245, 1113455555
0001111255, 0113555555
0001111333, 2223335555
0001111334, 2222345555
0001111335, 1222355555
0001111344, 1222445555
0001111345, 1122455555
0001111355, 0122555555
0001111444, 1123445555
0001111445, 1113455555
0001111455, 0113555555
0001111555, 0014555555
0001112222, 0222334455
0001112223, 0223333455
0001112224, 0222334455
0001112225, 0122334555
0001112233, 0223333455
0001112234, 0222334455
0001112235, 0122334555
0001112244, 0122344455
0001112245, 0112344555
0001112255, 0012345555
0001112333, 0223333455
0001112334, 0222334455
0001112335, 0122334555
0001112344, 0122344455
0001112345, 0112344555
0001112355, 0012345555
0001112444, 0112444455
0001112445, 0111444555
0001112455, 0011445555
0001112555, 0001455555
0001113333, 1223333355
0001113334, 1222333455
0001113335, 1122333555
0001113344, 1122334455
0001113345, 1112334555
0001113355, 0112335555
0001113444, 1112344455
0001113445, 1111344555
0001113455, 0111345555
0001113555, 0011355555
0001114444, 1122244455
0001114445, 1112244555
0001114455, 0112245555
0001114555, 0012255555
0001115555, 0011355555
0001122222, 0122233444
0001122223, 0122333344
0001122224, 0122233444
0001122225, 0112233445
0001122233, 0122333344
0001122234, 0122233444
0001122235, 0112233445
0001122244, 0112234444
0001122245, 0111234445
0001122255, 0011234455
0001122333, 0122333344
0001122334, 0122233444
0001122335, 0112233445
0001122344, 0112234444
0001122345, 0111234445
0001122355, 0011234455
0001122444, 0111244444
0001122445, 0111144445
0001122455, 0011144455
0001122555, 0001144555
0001123333, 0222333334
0001123334, 0222233344
0001123335, 0122233345
0001123344, 0122233444
0001123345, 0112233445
0001123355, 0012233455
0001123444, 0112234444
0001123445, 0111234445
0001123455, 0011234455
0001123555, 0001234555
0001124444, 0112234444
0001124445, 0111234445
0001124455, 0011234455
0001124555, 0001234555
0001125555, 0001144555
0001133333, 1222333333
0001133334, 1222233334
0001133335, 1122233335
0001133344, 1122233344
0001133345, 1112233345
0001133355, 0112233355
0001133444, 1112233444
0001133445, 1111233445
0001133455, 0111233455
0001133555, 0011233555
0001134444, 1112233444
0001134445, 1111233445
0001134455, 0111233455
0001134555, 0011233555
0001135555
0001144444, 1122223444
0001144445, 1112223445
0001144455, 0112223455
0001144555
0001145555, 0011224555
0001155555, 0011134555
0001222222, 0222334455
0001222223, 0223333455
0001222224, 0222334455
0001222225, 0122334555
0001222233, 0223333455
0001222234, 0222334455
0001222235, 0122334555
0001222244, 0122344455
0001222245, 0112344555
0001222255, 0012345555
0001222333, 0223333455
0001222334, 0222334455
0001222335, 0122334555
0001222344, 0122344455
0001222345, 0112344555
0001222355, 0012345555
0001222444, 0112444455
0001222445, 0111444555
0001222455, 0011445555
0001222555, 0001455555
0001223333, 1223333355
0001223334, 1222333455
0001223335, 1122333555
0001223344, 1122334455
0001223345, 1112334555
0001223355, 0112335555
0001223444, 1112344455
0001223445, 1111344555
0001223455, 0111345555
0001223555, 0011355555
0001224444, 1122244455
0001224445, 1112244555
0001224455, 0112245555
0001224555, 0012255555
0001225555
0001233333, 0222333334
0001233334, 0222233344
0001233335, 0122233345
0001233344, 0122233444
0001233345, 0112233445
0001233355, 0012233455
0001233444, 0112234444
0001233445, 0111234445
0001233455, 0011234455
0001233555, 0001234555
0001234444, 0112234444
0001234445, 0111234445
0001234455, 0011234455
0001234555
0001235555, 0001144555
0001244444, 1112233444
0001244445, 1111233445
0001244455, 0111233455
0001244555, 0011233555
0001245555, 0011134555
0001255555, 0011224555
0001333333, 1223333355
0001333334, 1222333455
0001333335, 1122333555
0001333344, 1122334455
0001333345, 1112334555
0001333355, 0112335555
0001333444, 1112344455
0001333445, 1111344555
0001333455, 0111345555
0001333555, 0011355555
0001334444, 1122244455
0001334445, 1112244555
0001334455, 0112245555
0001334555, 0012255555
0001335555, 0011355555
0001344444, 0112234444
0001344445, 0111234445
0001344455, 0011234455
0001344555, 0001234555
0001345555, 0001144555
0001355555, 0011134555
0001444444, 1122244455
0001444445, 1112244555
0001444455, 0112245555
0001444555, 0012255555
0001445555, 0011355555
0001455555
0001555555, 0011355555
0002222222, 1223345555
0002222223, 1233335555
0002222224, 1223345555
0002222225, 1123355555
0002222233, 1233335555
0002222234, 1223345555
0002222235, 1123355555
0002222244, 1123445555
0002222245, 1113455555
0002222255, 0113555555
0002222333, 2223335555
0002222334, 2222345555
0002222335, 1222355555
0002222344, 1222445555
0002222345, 1122455555
0002222355, 0122555555
0002222444, 1123445555
0002222445, 1113455555
0002222455, 0113555555
0002222555, 0014555555
0002223333, 0223333455
0002223334, 0222334455
0002223335, 0122334555
0002223344, 0122344455
0002223345, 0112344555
0002223355, 0012345555
0002223444, 0112444455
0002223445, 0111444555
0002223455, 0011445555
0002223555, 0001455555
0002224444, 1112344455
0002224445, 1111344555
0002224455, 0111345555
0002224555, 0011355555
0002225555, 0012255555
0002233333, 0122333344
0002233334, 0122233444
0002233335, 0112233445
0002233344, 0112234444
0002233345, 0111234445
0002233355, 0011234455
0002233444, 0111244444
0002233445, 0111144445
0002233455, 0011144455
0002233555, 0001144555
0002234444, 0112234444
0002234445, 0111234445
0002234455, 0011234455
0002234555, 0001234555
0002235555, 0001234555
0002244444, 1112233444
0002244445, 1111233445
0002244455, 0111233455
0002244555, 0011233555
0002245555, 0011233555
0002255555, 0012223555
0002333333, 0223333455
0002333334, 0222334455
0002333335, 0122334555
0002333344, 0122344455
0002333345, 0112344555
0002333355, 0012345555
0002333444, 0112444455
0002333445, 0111444555
0002333455, 0011445555
0002333555, 0001455555
0002334444, 1112344455
0002334445, 1111344555
0002334455, 0111345555
0002334555, 0011355555
0002335555, 0012255555
0002344444, 0112234444
0002344445, 0111234445
0002344455, 0011234455
0002344555, 0001234555
0002345555, 0001234555
0002355555, 0011233555
0002444444, 1112344455
0002444445, 1111344555
0002444455, 0111345555
0002444555, 0011355555
0002445555, 0012255555
0002455555, 0001234555
0002555555, 0012255555
0003333333, 2223335555
0003333334, 2222345555
0003333335, 1222355555
0003333344, 1222445555
0003333345, 1122455555
0003333355, 0122555555
0003333444, 1123445555
0003333445, 1113455555
0003333455, 0113555555
0003333555, 0014555555
0003334444, 0112444455
0003334445, 0111444555
0003334455, 0011445555
0003334555, 0001455555
0003335555, 0011355555
0003344444, 0111244444
0003344445, 0111144445
0003344455, 0011144455
0003344555, 0001144555
0003345555, 0001234555
0003355555, 0011233555
0003444444, 0112444455
0003444445, 0111444555
0003444455, 0011445555
0003444555, 0001455555
0003445555, 0011355555
0003455555, 0001234555
0003555555, 0011355555
0004444444, 1123445555
0004444445, 1113455555
0004444455, 0113555555
0004444555, 0014555555
0004445555, 0001455555
0004455555, 0001144555
0004555555, 0001455555
0005555555, 0014555555
0011111111, 0145555555
0011111112, 0244555555
0011111113, 0334555555
0011111114, 0244555555
0011111115, 0145555555
0011111122, 1234555555
0011111123, 1333555555
0011111124, 1234555555
0011111125, 1135555555
0011111133, 2233555555
0011111134, 2224555555
0011111135, 1225555555
0011111144, 1234555555
0011111145, 1135555555
0011111155, 0145555555
0011111222, 0223445555
0011111223, 0233345555
0011111224, 0223445555
0011111225, 0123455555
0011111233, 0233345555
0011111234, 0223445555
0011111235, 0123455555
0011111244, 0124445555
0011111245, 0114455555
0011111255, 0014555555
0011111333, 1233335555
0011111334, 1223345555
0011111335, 1123355555
0011111344, 1123445555
0011111345, 1113455555
0011111355, 0113555555
0011111444, 1222445555
0011111445, 1122455555
0011111455, 0122555555
0011111555, 0113555555
0011112222, 0122344455
0011112223, 0123334455
0011112224, 0122344455
0011112225, 0112344555
0011112233, 0123334455
0011112234, 0122344455
0011112235, 0112344555
0011112244, 0112444455
0011112245, 0111444555
0011112255, 0011445555
0011112333, 0223333455
0011112334, 0222334455
0011112335, 0122334555
0011112344, 0122344455
0011112345, 0112344555
0011112355, 0012345555
0011112444, 0122344455
0011112445, 0112344555
0011112455, 0012345555
0011112555, 0011445555
0011113333, 1223333355
0011113334, 1222333455
0011113335, 1122333555
0011113344, 1122334455
0011113345, 1112334555
0011113355, 0112335555
0011113444, 1122334455
0011113445, 1112334555
0011113455, 0112335555
0011113555, 0111345555
0011114444, 1222234455
0011114445, 1122234555
0011114455, 0122235555
0011114555, 0112245555
0011115555, 0111345555
0011122222, 0112234444
0011122223, 0112333444
0011122224, 0112234444
0011122225, 0111234445
0011122233, 0112333444
0011122234, 0112234444
0011122235, 0111234445
0011122244, 0111244444
0011122245, 0111144445
0011122255, 0011144455
0011122333, 0122333344
0011122334, 0122233444
0011122335, 0112233445
0011122344, 0112234444
0011122345, 0111234445
0011122355, 0011234455
0011122444, 0112234444
0011122445, 0111234445
0011122455, 0011234455
0011122555, 0011144455
0011123333, 0222333334
0011123334, 0222233344
0011123335, 0122233345
0011123344, 0122233444
0011123345, 0112233445
0011123355, 0012233455
0011123444, 0122233444
0011123445, 0112233445
0011123455, 0012233455
0011123555, 0011234455
0011124444, 0122233444
0011124445, 0112233445
0011124455, 0012233455
0011124555, 0011234455
0011125555, 0011144455
0011133333, 1222333333
0011133334, 1222233334
0011133335, 1122233335
0011133344, 1122233344
0011133345, 1112233345
0011133355, 0112233355
0011133444, 1122233344
0011133445, 1112233345
0011133455, 0112233355
0011133555, 0111233455
0011134444, 1122233344
0011134445, 1112233345
0011134455, 0112233355
0011134555
0011135555, 0111134455
0011144444, 1222223344
0011144445, 1122223345
0011144455
0011144555, 0112223455
0011145555, 0111224455
0011155555, 0111134455
0011222222, 0122344455
0011222223, 0123334455
0011222224, 0122344455
0011222225, 0112344555
0011222233, 0123334455
0011222234, 0122344455
0011222235, 0112344555
0011222244, 0112444455
0011222245, 0111444555
0011222255, 0011445555
0011222333, 0223333455
0011222334, 0222334455
0011222335, 0122334555
0011222344, 0122344455
0011222345, 0112344555
0011222355, 0012345555
0011222444, 0122344455
0011222445, 0112344555
0011222455, 0012345555
0011222555, 0011445555
0011223333, 1223333355
0011223334, 1222333455
0011223335, 1122333555
0011223344, 1122334455
0011223345, 1112334555
0011223355, 0112335555
0011223444, 1122334455
0011223445, 1112334555
0011223455, 0112335555
0011223555, 0111345555
0011224444, 1222234455
0011224445, 1122234555
0011224455, 0122235555
0011224555
0011225555, 0111345555
0011233333, 0222333334
0011233334, 0222233344
0011233335, 0122233345
0011233344, 0122233444
0011233345, 0112233445
0011233355, 0012233455
0011233444, 0122233444
0011233445, 0112233445
0011233455, 0012233455
0011233555
0011234444, 0122233444
0011234445, 0112233445
0011234455
0011234555, 0011234455
0011235555, 0011144455
0011244444, 1122233344
0011244445, 1112233345
0011244455, 0112233355
0011244555, 0111233455
0011245555, 0111134455
0011255555, 0111224455
0011333333, 1223333355
0011333334, 1222333455
0011333335, 1122333555
0011333344, 1122334455
0011333345, 1112334555
0011333355, 0112335555
0011333444, 1122334455
0011333445, 1112334555
0011333455, 0112335555
0011333555, 0111345555
0011334444, 1222234455
0011334445, 1122234555
0011334455, 0122235555
0011334555, 0112245555
0011335555, 0111345555
0011344444, 0122233444
0011344445, 0112233445
0011344455, 0012233455
0011344555, 0011234455
0011345555, 0011144455
0011355555
0011444444, 1222234455
0011444445, 1122234555
0011444455, 0122235555
0011444555, 0112245555
0011445555
0011455555, 0011144455
0011555555, 0111345555
0012222222, 0223445555
0012222223, 0233345555
0012222224, 0223445555
0012222225, 0123455555
0012222233, 0233345555
0012222234, 0223445555
0012222235, 0123455555
0012222244, 0124445555
0012222245, 0114455555
0012222255, 0014555555
0012222333, 1233335555
0012222334, 1223345555
0012222335, 1123355555
0012222344, 1123445555
0012222345, 1113455555
0012222355, 0113555555
0012222444, 1222445555
0012222445, 1122455555
0012222455, 0122555555
0012222555, 0113555555
0012223333, 0223333455
0012223334, 0222334455
0012223335, 0122334555
0012223344, 0122344455
0012223345, 0112344555
0012223355, 0012345555
0012223444, 0122344455
0012223445, 0112344555
0012223455, 0012345555
0012223555
0012224444, 1122334455
0012224445, 1112334555
0012224455, 0112335555
0012224555, 0111345555
0012225555, 0112245555
0012233333, 0122333344
0012233334, 0122233444
0012233335, 0112233445
0012233344, 0112234444
0012233345, 0111234445
0012233355, 0011234455
0012233444, 0112234444
0012233445, 0111234445
0012233455
0012233555, 0011144455
0012234444, 0122233444
0012234445, 0112233445
0012234455, 0012233455
0012234555, 0011234455
0012235555, 0011234455
0012244444, 1122233344
0012244445, 1112233345
0012244455, 0112233355
0012244555, 0111233455
0012245555, 0111233455
0012255555
0012333333, 0223333455
0012333334, 0222334455
0012333335, 0122334555
0012333344, 0122344455
0012333345, 0112344555
0012333355, 0012345555
0012333444, 0122344455
0012333445, 0112344555
0012333455, 0012345555
0012333555, 0011445555
0012334444, 1122334455
0012334445, 1112334555
0012334455, 0112335555
0012334555, 0111345555
0012335555, 0112245555
0012344444, 0122233444
0012344445, 0112233445
0012344455, 0012233455
0012344555, 0011234455
0012345555
0012355555, 0111233455
0012444444, 1122334455
0012444445, 1112334555
0012444455, 0112335555
0012444555, 0111345555
0012445555, 0112245555
0012455555, 0011234455
0012555555, 0112245555
0013333333, 1233335555
0013333334, 1223345555
0013333335, 1123355555
0013333344, 1123445555
0013333345, 1113455555
0013333355, 0113555555
0013333444, 1222445555
0013333445, 1122455555
0013333455, 0122555555
0013333555, 0113555555
0013334444, 0122344455
0013334445, 0112344555
0013334455, 0012345555
0013334555, 0011445555
0013335555, 0111345555
0013344444, 0112234444
0013344445, 0111234445
0013344455, 0011234455
0013344555, 0011144455
0013345555, 0011234455
0013355555, 0111233455
0013444444, 0122344455
0013444445, 0112344555
0013444455, 0012345555
0013444555, 0011445555
0013445555, 0111345555
0013455555, 0011234455
0013555555, 0111345555
0014444444, 1222445555
0014444445, 1122455555
0014444455, 0122555555
0014444555, 0113555555
0014445555, 0011445555
0014455555, 0011144455
0014555555
0015555555, 0113555555
0022222222, 1234555555
0022222223, 1333555555
0022222224, 1234555555
0022222225, 1135555555
0022222233, 2233555555
0022222234, 2224555555
0022222235, 1225555555
0022222244, 1234555555
0022222245, 1135555555
0022222255, 0145555555
0022222333, 0233345555
0022222334, 0223445555
0022222335, 0123455555
0022222344, 0124445555
0022222345, 0114455555
0022222355, 0014555555
0022222444, 1123445555
0022222445, 1113455555
0022222455, 0113555555
0022222555, 0122555555
0022223333, 0123334455
0022223334, 0122344455
0022223335, 0112344555
0022223344, 0112444455
0022223345, 0111444555
0022223355, 0011445555
0022223444, 0122344455
0022223445, 0112344555
0022223455, 0012345555
0022223555, 0012345555
0022224444, 1122334455
0022224445, 1112334555
0022224455, 0112335555
0022224555, 0112335555
0022225555, 0122235555
0022233333, 0112333444
0022233334, 0112234444
0022233335, 0111234445
0022233344, 0111244444
0022233345, 0111144445
0022233355, 0011144455
0022233444, 0112234444
0022233445, 0111234445
0022233455, 0011234455
0022233555, 0011234455
0022234444, 0122233444
0022234445, 0112233445
0022234455, 0012233455
0022234555, 0012233455
0022235555, 0012233455
0022244444, 1122233344
0022244445, 1112233345
0022244455, 0112233355
0022244555, 0112233355
0022245555, 0112233355
0022255555, 0122223355
0022333333, 0123334455
0022333334, 0122344455
0022333335, 0112344555
0022333344, 0112444455
0022333345, 0111444555
0022333355, 0011445555
0022333444, 0122344455
0022333445, 0112344555
0022333455, 0012345555
0022333555, 0012345555
0022334444, 1122334455
0022334445, 1112334555
0022334455, 0112335555
0022334555, 0112335555
0022335555, 0122235555
0022344444, 0122233444
0022344445, 0112233445
0022344455, 0012233455
0022344555, 0012233455
0022345555, 0012233455
0022355555, 0112233355
0022444444, 1122334455
0022444445, 1112334555
0022444455, 0112335555
0022444555, 0112335555
0022445555, 0122235555
0022455555, 0012233455
0022555555, 0122235555
0023333333, 0233345555
0023333334, 0223445555
0023333335, 0123455555
0023333344, 0124445555
0023333345, 0114455555
0023333355, 0014555555
0023333444, 1123445555
0023333445, 1113455555
0023333455, 0113555555
0023333555, 0122555555
0023334444, 0122344455
0023334445, 0112344555
0023334455, 0012345555
0023334555, 0012345555
0023335555, 0112335555
0023344444, 0112234444
0023344445, 0111234445
0023344455, 0011234455
0023344555, 0011234455
0023345555, 0012233455
0023355555, 0112233355
0023444444, 0122344455
0023444445, 0112344555
0023444455, 0012345555
0023444555, 0012345555
0023445555, 0112335555
0023455555, 0012233455
0023555555, 0112335555
0024444444, 1123445555
0024444445, 1113455555
0024444455, 0113555555
0024444555, 0122555555
0024445555, 0012345555
0024455555, 0011234455
0024555555, 0012345555
0025555555, 0122555555
0033333333, 2233555555
0033333334, 2224555555
0033333335, 1225555555
0033333344, 1234555555
0033333345, 1135555555
0033333355, 0145555555
0033333444, 0124445555
0033333445, 0114455555
0033333455, 0014555555
0033333555, 0113555555
0033334444, 0112444455
0033334445, 0111444555
0033334455, 0011445555
0033334555, 0012345555
0033335555, 0112335555
0033344444, 0111244444
0033344445, 0111144445
0033344455, 0011144455
0033344555, 0011234455
0033345555, 0012233455
0033355555, 0112233355
0033444444, 0112444455
0033444445, 0111444555
0033444455, 0011445555
0033444555, 0012345555
0033445555, 0112335555
0033455555, 0012233455
0033555555, 0112335555
0034444444, 0124445555
0034444445, 0114455555
0034444455, 0014555555
0034444555, 0113555555
0034445555, 0012345555
0034455555, 0011234455
0034555555, 0012345555
0035555555, 0113555555
0044444444, 1234555555
0044444445, 1135555555
0044444455, 0145555555
0044444555, 0014555555
0044445555, 0011445555
0044455555, 0011144455
0044555555, 0011445555
0045555555, 0014555555
0055555555, 0145555555
0111111111, 0555555555
0111111112, 1455555555
0111111113, 2355555555
0111111114, 2355555555
0111111115, 1455555555
0111111122, 0244555555
0111111123, 0334555555
0111111124, 0244555555
0111111125, 0145555555
0111111133, 1333555555
0111111134, 1234555555
0111111135, 1135555555
0111111144, 2224555555
0111111145, 1225555555
0111111155, 1135555555
0111111222, 0124445555
0111111223, 0133445555
0111111224, 0124445555
0111111225, 0114455555
0111111233, 0233345555
0111111234, 0223445555
0111111235, 0123455555
0111111244, 0223445555
0111111245, 0123455555
0111111255, 0114455555
0111111333, 1233335555
0111111334, 1223345555
0111111335, 1123355555
0111111344, 1223345555
0111111345, 1123355555
0111111355, 1113455555
0111111444, 2222345555
0111111445, 1222355555
0111111455, 1122455555
0111111555, 1113455555
0111112222, 0112444455
0111112223, 0113344455
0111112224, 0112444455
0111112225, 0111444555
0111112233, 0123334455
0111112234, 0122344455
0111112235, 0112344555
0111112244, 0122344455
0111112245, 0112344555
0111112255, 0111444555
0111112333, 0223333455
0111112334, 0222334455
0111112335, 0122334555
0111112344, 0222334455
0111112345, 0122334555
0111112355, 0112344555
0111112444, 0222334455
0111112445, 0122334555
0111112455, 0112344555
0111112555, 0111444555
0111113333, 1223333355
0111113334, 1222333455
0111113335, 1122333555
0111113344, 1222333455
0111113345, 1122333555
0111113355, 1112334555
0111113444, 1222333455
0111113445, 1122333555
0111113455, 1112334555
0111113555, 1111344555
0111114444, 2222233455
0111114445, 1222233555
0111114455, 1122234555
0111114555, 1112244555
0111115555, 1111344555
0111122222, 0111244444
0111122223, 0111334444
0111122224, 0111244444
0111122225, 0111144445
0111122233, 0112333444
0111122234, 0112234444
0111122235, 0111234445
0111122244, 0112234444
0111122245, 0111234445
0111122255, 0111144445
0111122333, 0122333344
0111122334, 0122233444
0111122335, 0112233445
0111122344, 0122233444
0111122345, 0112233445
0111122355, 0111234445
0111122444, 0122233444
0111122445, 0112233445
0111122455, 0111234445
0111122555, 0111144445
0111123333, 0222333334
0111123334, 0222233344
0111123335, 0122233345
0111123344, 0222233344
0111123345, 0122233345
0111123355, 0112233445
0111123444, 0222233344
0111123445, 0122233345
0111123455, 0112233445
0111123555, 0111234445
0111124444, 0222233344
0111124445, 0122233345
0111124455, 0112233445
0111124555, 0111234445
0111125555, 0111144445
0111133333, 1222333333
0111133334, 1222233334
0111133335, 1122233335
0111133344, 1222233334
0111133345, 1122233335
0111133355, 1112233345
0111133444, 1222233334
0111133445, 1122233335
0111133455, 1112233345
0111133555, 1111233445
0111134444, 1222233334
0111134445, 1122233335
0111134455
0111134555, 1111233445
0111135555, 1111134445
0111144444, 2222223334
0111144445
0111144455, 1122223345
0111144555, 1112223445
0111145555, 1111224445
0111155555, 1111134445
0111222222, 0112444455
0111222223, 0113344455
0111222224, 0112444455
0111222225, 0111444555
0111222233, 0123334455
0111222234, 0122344455
0111222235, 0112344555
0111222244, 0122344455
0111222245, 0112344555
0111222255, 0111444555
0111222333, 0223333455
0111222334, 0222334455
0111222335, 0122334555
0111222344, 0222334455
0111222345, 0122334555
0111222355, 0112344555
0111222444, 0222334455
0111222445, 0122334555
0111222455, 0112344555
0111222555, 0111444555
0111223333, 1223333355
0111223334, 1222333455
0111223335, 1122333555
0111223344, 1222333455
0111223345, 1122333555
0111223355, 1112334555
0111223444, 1222333455
0111223445, 1122333555
0111223455, 1112334555
0111223555, 1111344555
0111224444, 2222233455
0111224445, 1222233555
0111224455
0111224555, 1112244555
0111225555, 1111344555
0111233333, 0222333334
0111233334, 0222233344
0111233335, 0122233345
0111233344, 0222233344
0111233345, 0122233345
0111233355, 0112233445
0111233444, 0222233344
0111233445, 0122233345
0111233455
0111233555, 0111234445
0111234444, 0222233344
0111234445
0111234455, 0112233445
0111234555, 0111234445
0111235555, 0111144445
0111244444
0111244445, 1122233335
0111244455, 1112233345
0111244555, 1111233445
0111245555, 1111134445
0111255555, 1111224445
0111333333, 1223333355
0111333334, 1222333455
0111333335, 1122333555
0111333344, 1222333455
0111333345, 1122333555
0111333355, 1112334555
0111333444, 1222333455
0111333445, 1122333555
0111333455, 1112334555
0111333555, 1111344555
0111334444
0111334445, 1222233555
0111334455, 1122234555
0111334555, 1112244555
0111335555, 1111344555
0111344444, 0222233344
0111344445, 0122233345
0111344455, 0112233445
0111344555, 0111234445
0111345555
0111355555, 1111134445
0111444444, 2222233455
0111444445, 1222233555
0111444455, 1122234555
0111444555
0111445555, 1111344555
0111455555, 0111144445
0111555555, 1111344555
0112222222, 0124445555
0112222223, 0133445555
0112222224, 0124445555
0112222225, 0114455555
0112222233, 0233345555
0112222234, 0223445555
0112222235, 0123455555
0112222244, 0223445555
0112222245, 0123455555
0112222255, 0114455555
0112222333, 1233335555
0112222334, 1223345555
0112222335, 1123355555
0112222344, 1223345555
0112222345, 1123355555
0112222355, 1113455555
0112222444, 2222345555
0112222445, 1222355555
0112222455, 1122455555
0112222555, 1113455555
0112223333, 0223333455
0112223334, 0222334455
0112223335, 0122334555
0112223344, 0222334455
0112223345, 0122334555
0112223355, 0112344555
0112223444, 0222334455
0112223445, 0122334555
0112223455
0112223555, 0111444555
0112224444, 1222333455
0112224445, 1122333555
0112224455, 1112334555
0112224555, 1111344555
0112225555, 1112244555
0112233333, 0122333344
0112233334, 0122233444
0112233335, 0112233445
0112233344, 0122233444
0112233345, 0112233445
0112233355
0112233444, 0122233444
0112233445
0112233455, 0111234445
0112233555, 0111144445
0112234444
0112234445, 0122233345
0112234455, 0112233445
0112234555, 0111234445
0112235555, 0111234445
0112244444, 1222233334
0112244445, 1122233335
0112244455, 1112233345
0112244555, 1111233445
0112245555
0112255555, 1112223445
0112333333, 0223333455
0112333334, 0222334455
0112333335, 0122334555
0112333344, 0222334455
0112333345, 0122334555
0112333355, 0112344555
0112333444
0112333445, 0122334555
0112333455, 0112344555
0112333555, 0111444555
0112334444, 1222333455
0112334445, 1122333555
0112334455, 1112334555
0112334555, 1111344555
0112335555
0112344444, 0222233344
0112344445, 0122233345
0112344455, 0112233445
0112344555
0112345555, 0111234445
0112355555, 1111233445
0112444444, 1222333455
0112444445, 1122333555
0112444455
0112444555, 1111344555
0112445555, 1112244555
0112455555, 0111234445
0112555555, 1112244555
0113333333, 1233335555
0113333334, 1223345555
0113333335, 1123355555
0113333344, 1223345555
0113333345, 1123355555
0113333355, 1113455555
0113333444, 2222345555
0113333445, 1222355555
0113333455, 1122455555
0113333555, 1113455555
0113334444, 0222334455
0113334445, 0122334555
0113334455, 0112344555
0113334555, 0111444555
0113335555, 1111344555
0113344444, 0122233444
0113344445, 0112233445
0113344455
0113344555, 0111144445
0113345555, 0111234445
0113355555, 1111233445
0113444444, 0222334455
0113444445, 0122334555
0113444455, 0112344555
0113444555, 0111444555
0113445555, 1111344555
0113455555, 0111234445
0113555555
0114444444, 2222345555
0114444445, 1222355555
0114444455, 1122455555
0114444555, 1113455555
0114445555, 0111444555
0114455555
0114555555, 0111444555
0115555555, 1113455555
0122222222, 0244555555
0122222223, 0334555555
0122222224, 0244555555
0122222225, 0145555555
0122222233, 1333555555
0122222234, 1234555555
0122222235, 1135555555
0122222244, 2224555555
0122222245, 1225555555
0122222255, 1135555555
0122222333, 0233345555
0122222334, 0223445555
0122222335, 0123455555
0122222344, 0223445555
0122222345, 0123455555
0122222355, 0114455555
0122222444, 1223345555
0122222445, 1123355555
0122222455, 1113455555
0122222555, 1122455555
0122223333, 0123334455
0122223334, 0122344455
0122223335, 0112344555
0122223344, 0122344455
0122223345, 0112344555
0122223355
0122223444, 0222334455
0122223445, 0122334555
0122223455, 0112344555
0122223555, 0112344555
0122224444, 1222333455
0122224445, 1122333555
0122224455, 1112334555
0122224555, 1112334555
0122225555, 1122234555
0122233333, 0112333444
0122233334, 0112234444
0122233335, 0111234445
0122233344, 0112234444
0122233345
0122233355, 0111144445
0122233444
0122233445, 0112233445
0122233455, 0111234445
0122233555, 0111234445
0122234444, 0222233344
0122234445, 0122233345
0122234455, 0112233445
0122234555, 0112233445
0122235555
0122244444, 1222233334
0122244445, 1122233335
0122244455, 1112233345
0122244555, 1112233345
0122245555, 1112233345
0122255555, 1122223345
0122333333, 0123334455
0122333334, 0122344455
0122333335, 0112344555
0122333344
0122333345, 0112344555
0122333355, 0111444555
0122333444, 0222334455
0122333445, 0122334555
0122333455, 0112344555
0122333555, 0112344555
0122334444, 1222333455
0122334445, 1122333555
0122334455, 1112334555
0122334555
0122335555, 1122234555
0122344444, 0222233344
0122344445, 0122233345
0122344455
0122344555, 0112233445
0122345555, 0112233445
0122355555, 1112233345
0122444444, 1222333455
0122444445, 1122333555
0122444455, 1112334555
0122444555, 1112334555
0122445555, 1122234555
0122455555, 0112233445
0122555555
0123333333, 0233345555
0123333334, 0223445555
0123333335, 0123455555
0123333344, 0223445555
0123333345, 0123455555
0123333355, 0114455555
0123333444, 1223345555
0123333445, 1123355555
0123333455, 1113455555
0123333555, 1122455555
0123334444, 0222334455
0123334445, 0122334555
0123334455
0123334555, 0112344555
0123335555, 1112334555
0123344444, 0122233444
0123344445, 0112233445
0123344455, 0111234445
0123344555, 0111234445
0123345555, 0112233445
0123355555, 1112233345
0123444444, 0222334455
0123444445, 0122334555
0123444455, 0112344555
0123444555, 0112344555
0123445555, 1112334555
0123455555
0123555555, 1112334555
0124444444, 1223345555
0124444445, 1123355555
0124444455, 1113455555
0124444555, 1122455555
0124445555
0124455555, 0111234445
0124555555, 0112344555
0125555555, 1122455555
0133333333, 1333555555
0133333334, 1234555555
0133333335, 1135555555
0133333344, 2224555555
0133333345, 1225555555
0133333355, 1135555555
0133333444, 0223445555
0133333445, 0123455555
0133333455, 0114455555
0133333555, 1113455555
0133334444, 0122344455
0133334445, 0112344555
0133334455, 0111444555
0133334555, 0112344555
0133335555, 1112334555
0133344444, 0112234444
0133344445, 0111234445
0133344455, 0111144445
0133344555, 0111234445
0133345555, 0112233445
0133355555, 1112233345
0133444444, 0122344455
0133444445, 0112344555
0133444455, 0111444555
0133444555, 0112344555
0133445555
0133455555, 0112233445
0133555555, 1112334555
0134444444, 0223445555
0134444445, 0123455555
0134444455, 0114455555
0134444555, 1113455555
0134445555, 0112344555
0134455555, 0111234445
0134555555, 0112344555
0135555555, 1113455555
0144444444, 2224555555
0144444445, 1225555555
0144444455, 1135555555
0144444555, 0114455555
0144445555, 0111444555
0144455555, 0111144445
0144555555, 0111444555
0145555555
0155555555, 1135555555
0222222222, 1455555555
0222222223, 2355555555
0222222224, 2355555555
0222222225, 1455555555
0222222233, 0334555555
0222222234, 0244555555
0222222235, 0145555555
0222222244, 1234555555
0222222245, 1135555555
0222222255, 1225555555
0222222333, 0133445555
0222222334, 0124445555
0222222335, 0114455555
0222222344, 0223445555
0222222345, 0123455555
0222222355, 0123455555
0222222444, 1223345555
0222222445, 1123355555
0222222455, 1123355555
0222222555, 1222355555
0222223333, 0113344455
0222223334, 0112444455
0222223335, 0111444555
0222223344, 0122344455
0222223345, 0112344555
0222223355, 0112344555
0222223444, 0222334455
0222223445, 0122334555
0222223455, 0122334555
0222223555, 0122334555
0222224444, 1222333455
0222224445, 1122333555
0222224455, 1122333555
0222224555, 1122333555
0222225555, 1222233555
0222233333, 0111334444
0222233334, 0111244444
0222233335, 0111144445
0222233344
0222233345, 0111234445
0222233355, 0111234445
0222233444, 0122233444
0222233445, 0112233445
0222233455, 0112233445
0222233555, 0112233445
0222234444, 0222233344
0222234445, 0122233345
0222234455, 0122233345
0222234555, 0122233345
0222235555, 0122233345
0222244444, 1222233334
0222244445, 1122233335
0222244455, 1122233335
0222244555, 1122233335
0222245555, 1122233335
0222255555, 1222223335
0222333333, 0113344455
0222333334
0222333335, 0111444555
0222333344, 0122344455
0222333345, 0112344555
0222333355, 0112344555
0222333444, 0222334455
0222333445, 0122334555
0222333455, 0122334555
0222333555, 0122334555
0222334444, 1222333455
0222334445, 1122333555
0222334455
0222334555, 1122333555
0222335555, 1222233555
0222344444, 0222233344
0222344445, 0122233345
0222344455, 0122233345
0222344555, 0122233345
0222345555, 0122233345
0222355555, 1122233335
0222444444, 1222333455
0222444445, 1122333555
0222444455, 1122333555
0222444555, 1122333555
0222445555, 1222233555
0222455555, 0122233345
0222555555, 1222233555
0223333333, 0133445555
0223333334, 0124445555
0223333335, 0114455555
0223333344, 0223445555
0223333345, 0123455555
0223333355, 0123455555
0223333444, 1223345555
0223333445, 1123355555
0223333455
0223333555, 1222355555
0223334444, 0222334455
0223334445, 0122334555
0223334455, 0122334555
0223334555, 0122334555
0223335555, 1122333555
0223344444, 0122233444
0223344445, 0112233445
0223344455, 0112233445
0223344555, 0112233445
0223345555, 0122233345
0223355555, 1122233335
0223444444, 0222334455
0223444445, 0122334555
0223444455, 0122334555
0223444555, 0122334555
0223445555
0223455555, 0122233345
0223555555, 1122333555
0224444444, 1223345555
0224444445, 1123355555
0224444455, 1123355555
0224444555, 1222355555
0224445555, 0122334555
0224455555, 0112233445
0224555555, 0122334555
0225555555, 1222355555
0233333333, 0334555555
0233333334, 0244555555
0233333335, 0145555555
0233333344, 1234555555
0233333345, 1135555555
0233333355, 1225555555
0233333444, 0223445555
0233333445, 0123455555
0233333455, 0123455555
0233333555, 1123355555
0233334444, 0122344455
0233334445, 0112344555
0233334455, 0112344555
0233334555, 0122334555
0233335555, 1122333555
0233344444, 0112234444
0233344445, 0111234445
0233344455, 0111234445
0233344555, 0112233445
0233345555
0233355555, 1122233335
0233444444, 0122344455
0233444445, 0112344555
0233444455, 0112344555
0233444555, 0122334555
0233445555, 1122333555
0233455555, 0122233345
0233555555, 1122333555
0234444444, 0223445555
0234444445, 0123455555
0234444455, 0123455555
0234444555, 1123355555
0234445555, 0122334555
0234455555, 0112233445
0234555555, 0122334555
0235555555, 1123355555
0244444444, 1234555555
0244444445, 1135555555
0244444455, 1225555555
0244444555, 0123455555
0244445555, 0112344555
0244455555, 0111234445
0244555555
0245555555, 0123455555
0255555555, 1225555555
0333333333, 2355555555
0333333334, 2355555555
0333333335, 1455555555
0333333344, 0244555555
0333333345, 0145555555
0333333355, 1135555555
0333333444, 0124445555
0333333445, 0114455555
0333333455, 0123455555
0333333555, 1123355555
0333334444, 0112444455
0333334445, 0111444555
0333334455, 0112344555
0333334555, 0122334555
0333335555, 1122333555
0333344444, 0111244444
0333344445, 0111144445
0333344455, 0111234445
0333344555, 0112233445
0333345555, 0122233345
0333355555, 1122233335
0333444444, 0112444455
0333444445, 0111444555
0333444455, 0112344555
0333444555, 0122334555
0333445555, 1122333555
0333455555, 0122233345
0333555555, 1122333555
0334444444, 0124445555
0334444445, 0114455555
0334444455, 0123455555
0334444555, 1123355555
0334445555, 0122334555
0334455555, 0112233445
0334555555
0335555555, 1123355555
0344444444, 0244555555
0344444445, 0145555555
0344444455, 1135555555
0344444555, 0123455555
0344445555, 0112344555
0344455555, 0111234445
0344555555, 0112344555
0345555555, 0123455555
0355555555, 1135555555
0444444444, 2355555555
0444444445, 1455555555
0444444455, 0145555555
0444444555, 0114455555
0444445555, 0111444555
0444455555, 0111144445
0444555555, 0111444555
0445555555, 0114455555
0455555555, 0145555555
0555555555
1111111111, 0000000000
1111111112, 0555555555
1111111113, 1455555555
1111111114, 2355555555
1111111115, 2355555555
1111111122, 0145555555
1111111123, 0244555555
1111111124, 0334555555
1111111125, 0244555555
1111111133, 1234555555
1111111134, 1333555555
1111111135, 1234555555
1111111144, 2233555555
1111111145, 2224555555
1111111155, 1234555555
1111111222, 0114455555
1111111223, 0124445555
1111111224, 0133445555
1111111225, 0124445555
1111111233, 0223445555
1111111234, 0233345555
1111111235, 0223445555
1111111244, 0233345555
1111111245, 0223445555
1111111255, 0124445555
1111111333, 1223345555
1111111334, 1233335555
1111111335, 1223345555
1111111344, 1233335555
1111111345, 1223345555
1111111355, 1123445555
1111111444, 2223335555
1111111445, 2222345555
1111111455, 1222445555
1111111555, 1123445555
1111112222, 0111444555
1111112223, 0112444455
1111112224, 0113344455
1111112225, 0112444455
1111112233, 0122344455
1111112234, 0123334455
1111112235, 0122344455
1111112244, 0123334455
1111112245, 0122344455
1111112255, 0112444455
1111112333, 0222334455
1111112334, 0223333455
1111112335, 0222334455
1111112344, 0223333455
1111112345, 0222334455
1111112355, 0122344455
1111112444, 0223333455
1111112445, 0222334455
1111112455, 0122344455
1111112555, 0112444455
1111113333, 1222333455
1111113334, 1223333355
1111113335, 1222333455
1111113344, 1223333355
1111113345, 1222333455
1111113355, 1122334455
1111113444, 1223333355
1111113445, 1222333455
1111113455, 1122334455
1111113555, 1112344455
1111114444, 2222333355
1111114445, 2222233455
1111114455, 1222234455
1111114555, 1122244455
1111115555, 1112344455
1111122222, 0111144445
1111122223, 0111244444
1111122224, 0111334444
1111122225, 0111244444
1111122233, 0112234444
1111122234, 0112333444
1111122235, 0112234444
1111122244, 0112333444
1111122245, 0112234444
1111122255, 0111244444
1111122333, 0122233444
1111122334, 0122333344
1111122335, 0122233444
1111122344, 0122333344
1111122345, 0122233444
1111122355, 0112234444
1111122444, 0122333344
1111122445, 0122233444
1111122455, 0112234444
1111122555, 0111244444
1111123333, 0222233344
1111123334, 0222333334
1111123335, 0222233344
1111123344, 0222333334
1111123345, 0222233344
1111123355, 0122233444
1111123444, 0222333334
1111123445, 0222233344
1111123455, 0122233444
1111123555, 0112234444
1111124444, 0222333334
1111124445, 0222233344
1111124455, 0122233444
1111124555, 0112234444
1111125555, 0111244444
1111133333, 1222233334
1111133334, 1222333333
1111133335, 1222233334
1111133344, 1222333333
1111133345, 1222233334
1111133355, 1122233344
1111133444, 1222333333
1111133445, 1222233334
1111133455, 1122233344
1111133555, 1112233444
1111134444, 1222333333
1111134445
1111134455, 1122233344
1111134555, 1112233444
1111135555, 1111234444
1111144444, 2222233333
1111144445, 2222223334
1111144455, 1222223344
1111144555, 1122223444
1111145555, 1112224444
1111155555, 1111234444
1111222222, 0111444555
1111222223, 0112444455
1111222224, 0113344455
1111222225, 0112444455
1111222233, 0122344455
1111222234, 0123334455
1111222235, 0122344455
1111222244, 0123334455
1111222245, 0122344455
1111222255, 0112444455
1111222333, 0222334455
1111222334, 0223333455
1111222335, 0222334455
1111222344, 0223333455
1111222345, 0222334455
1111222355, 0122344455
1111222444, 0223333455
1111222445, 0222334455
1111222455, 0122344455
1111222555, 0112444455
1111223333, 1222333455
1111223334, 1223333355
1111223335, 1222333455
1111223344, 1223333355
1111223345, 1222333455
1111223355, 1122334455
1111223444, 1223333355
1111223445, 1222333455
1111223455, 1122334455
1111223555, 1112344455
1111224444, 2222333355
1111224445
1111224455, 1222234455
1111224555, 1122244455
1111225555, 1112344455
1111233333, 0222233344
1111233334, 0222333334
1111233335, 0222233344
1111233344, 0222333334
1111233345, 0222233344
1111233355, 0122233444
1111233444, 0222333334
1111233445
1111233455, 0122233444
1111233555, 0112234444
1111234444
1111234445, 0222233344
1111234455, 0122233444
1111234555, 0112234444
1111235555, 0111244444
1111244444, 1222333333
1111244445, 1222233334
1111244455, 1122233344
1111244555, 1112233444
1111245555, 1111234444
1111255555, 1112224444
1111333333, 1222333455
1111333334, 1223333355
1111333335, 1222333455
1111333344, 1223333355
1111333345, 1222333455
1111333355, 1122334455
1111333444, 1223333355
1111333445, 1222333455
1111333455, 1122334455
1111333555, 1112344455
1111334444, 2222333355
1111334445, 2222233455
1111334455, 1222234455
1111334555, 1122244455
1111335555, 1112344455
1111344444, 0222333334
1111344445, 0222233344
1111344455, 0122233444
1111344555
1111345555, 0111244444
1111355555, 1111234444
1111444444, 2222333355
1111444445, 2222233455
1111444455, 1222234455
1111444555, 1122244455
1111445555, 1112344455
1111455555, 0111244444
1111555555, 1112344455
1112222222, 0114455555
1112222223, 0124445555
1112222224, 0133445555
1112222225, 0124445555
1112222233, 0223445555
1112222234, 0233345555
1112222235, 0223445555
1112222244, 0233345555
1112222245, 0223445555
1112222255, 0124445555
1112222333, 1223345555
1112222334, 1233335555
1112222335, 1223345555
1112222344, 1233335555
1112222345, 1223345555
1112222355, 1123445555
1112222444, 2223335555
1112222445, 2222345555
1112222455, 1222445555
1112222555, 1123445555
1112223333, 0222334455
1112223334, 0223333455
1112223335, 0222334455
1112223344, 0223333455
1112223345, 0222334455
1112223355, 0122344455
1112223444, 0223333455
1112223445
1112223455, 0122344455
1112223555, 0112444455
1112224444
1112224445, 1222333455
1112224455, 1122334455
1112224555, 1112344455
1112225555, 1122244455
1112233333, 0122233444
1112233334, 0122333344
1112233335, 0122233444
1112233344, 0122333344
1112233345
1112233355, 0112234444
1112233444
1112233445, 0122233444
1112233455, 0112234444
1112233555, 0111244444
1112234444, 0222333334
1112234445, 0222233344
1112234455, 0122233444
1112234555, 0112234444
1112235555, 0112234444
1112244444, 1222333333
1112244445, 1222233334
1112244455, 1122233344
1112244555
1112245555, 1112233444
1112255555, 1122223444
1112333333, 0222334455
1112333334, 0223333455
1112333335, 0222334455
1112333344, 0223333455
1112333345, 0222334455
1112333355, 0122344455
1112333444, 0223333455
1112333445, 0222334455
1112333455, 0122344455
1112333555, 0112444455
1112334444, 1223333355
1112334445, 1222333455
1112334455, 1122334455
1112334555
1112335555, 1122244455
1112344444, 0222333334
1112344445, 0222233344
1112344455
1112344555, 0112234444
1112345555, 0112234444
1112355555, 1112233444
1112444444, 1223333355
1112444445, 1222333455
1112444455, 1122334455
1112444555, 1112344455
1112445555, 1122244455
1112455555, 0112234444
1112555555, 1122244455
1113333333, 1223345555
1113333334, 1233335555
1113333335, 1223345555
1113333344, 1233335555
1113333345, 1223345555
1113333355, 1123445555
1113333444, 2223335555
1113333445, 2222345555
1113333455, 1222445555
1113333555, 1123445555
1113334444, 0223333455
1113334445, 0222334455
1113334455, 0122344455
1113334555, 0112444455
1113335555, 1112344455
1113344444, 0122333344
1113344445, 0122233444
1113344455, 0112234444
1113344555, 0111244444
1113345555, 0112234444
1113355555, 1112233444
1113444444, 0223333455
1113444445, 0222334455
1113444455, 0122344455
1113444555, 0112444455
1113445555, 1112344455
1113455555
1113555555, 1112344455
1114444444, 2223335555
1114444445, 2222345555
1114444455, 1222445555
1114444555, 1123445555
1114445555, 0112444455
1114455555, 0111244444
1114555555, 0112444455
1115555555, 1123445555
1122222222, 0145555555
1122222223, 0244555555
1122222224, 0334555555
1122222225, 0244555555
1122222233, 1234555555
1122222234, 1333555555
1122222235, 1234555555
1122222244, 2233555555
1122222245, 2224555555
1122222255, 1234555555
1122222333, 0223445555
1122222334, 0233345555
1122222335, 0223445555
1122222344, 0233345555
1122222345, 0223445555
1122222355, 0124445555
1122222444, 1233335555
1122222445, 1223345555
1122222455, 1123445555
1122222555, 1222445555
1122223333, 0122344455
1122223334, 0123334455
1122223335, 0122344455
1122223344, 0123334455
1122223345
1122223355, 0112444455
1122223444
1122223445, 0222334455
1122223455, 0122344455
1122223555, 0122344455
1122224444, 1223333355
1122224445, 1222333455
1122224455, 1122334455
1122224555, 1122334455
1122225555, 1222234455
1122233333, 0112234444
1122233334, 0112333444
1122233335
1122233344
1122233345, 0112234444
1122233355, 0111244444
1122233444, 0122333344
1122233445, 0122233444
1122233455, 0112234444
1122233555, 0112234444
1122234444, 0222333334
1122234445, 0222233344
1122234455, 0122233444
1122234555
1122235555, 0122233444
1122244444, 1222333333
1122244445, 1222233334
1122244455
1122244555, 1122233344
1122245555, 1122233344
1122255555, 1222223344
1122333333, 0122344455
1122333334, 0123334455
1122333335, 0122344455
1122333344, 0123334455
1122333345, 0122344455
1122333355, 0112444455
1122333444, 0223333455
1122333445, 0222334455
1122333455, 0122344455
1122333555
1122334444, 1223333355
1122334445, 1222333455
1122334455
1122334555, 1122334455
1122335555, 1222234455
1122344444, 0222333334
1122344445, 0222233344
1122344455, 0122233444
1122344555, 0122233444
1122345555, 0122233444
1122355555, 1122233344
1122444444, 1223333355
1122444445, 1222333455
1122444455, 1122334455
1122444555, 1122334455
1122445555, 1222234455
1122455555
1122555555, 1222234455
1123333333, 0223445555
1123333334, 0233345555
1123333335, 0223445555
1123333344, 0233345555
1123333345, 0223445555
1123333355, 0124445555
1123333444, 1233335555
1123333445, 1223345555
1123333455, 1123445555
1123333555, 1222445555
1123334444, 0223333455
1123334445, 0222334455
1123334455, 0122344455
1123334555, 0122344455
1123335555, 1122334455
1123344444, 0122333344
1123344445, 0122233444
1123344455, 0112234444
1123344555, 0112234444
1123345555, 0122233444
1123355555
1123444444, 0223333455
1123444445, 0222334455
1123444455, 0122344455
1123444555, 0122344455
1123445555
1123455555, 0122233444
1123555555, 1122334455
1124444444, 1233335555
1124444445, 1223345555
1124444455, 1123445555
1124444555, 1222445555
1124445555, 0122344455
1124455555, 0112234444
1124555555, 0122344455
1125555555, 1222445555
1133333333, 1234555555
1133333334, 1333555555
1133333335, 1234555555
1133333344, 2233555555
1133333345, 2224555555
1133333355, 1234555555
1133333444, 0233345555
1133333445, 0223445555
1133333455, 0124445555
1133333555, 1123445555
1133334444, 0123334455
1133334445, 0122344455
1133334455, 0112444455
1133334555, 0122344455
1133335555, 1122334455
1133344444, 0112333444
1133344445, 0112234444
1133344455, 0111244444
1133344555, 0112234444
1133345555, 0122233444
1133355555, 1122233344
1133444444, 0123334455
1133444445, 0122344455
1133444455, 0112444455
1133444555, 0122344455
1133445555, 1122334455
1133455555, 0122233444
1133555555, 1122334455
1134444444, 0233345555
1134444445, 0223445555
1134444455, 0124445555
1134444555, 1123445555
1134445555, 0122344455
1134455555, 0112234444
1134555555, 0122344455
1135555555
1144444444, 2233555555
1144444445, 2224555555
1144444455, 1234555555
1144444555, 0124445555
1144445555, 0112444455
1144455555, 0111244444
1144555555, 0112444455
1145555555, 0124445555
1155555555, 1234555555
1222222222, 0555555555
1222222223, 1455555555
1222222224, 2355555555
1222222225, 2355555555
1222222233, 0244555555
1222222234, 0334555555
1222222235, 0244555555
1222222244, 1333555555
1222222245, 1234555555
1222222255, 2224555555
1222222333, 0124445555
1222222334, 0133445555
1222222335, 0124445555
1222222344, 0233345555
1222222345, 0223445555
1222222355, 0223445555
1222222444, 1233335555
1222222445, 1223345555
1222222455, 1223345555
1222222555, 2222345555
1222223333, 0112444455
1222223334, 0113344455
1222223335
1222223344
1222223345, 0122344455
1222223355, 0122344455
1222223444, 0223333455
1222223445, 0222334455
1222223455, 0222334455
1222223555, 0222334455
1222224444, 1223333355
1222224445, 1222333455
1222224455, 1222333455
1222224555, 1222333455
1222225555, 2222233455
1222233333, 0111244444
1222233334
1222233335, 0111244444
1222233344, 0112333444
1222233345, 0112234444
1222233355, 0112234444
1222233444, 0122333344
1222233445, 0122233444
1222233455, 0122233444
1222233555
1222234444, 0222333334
1222234445, 0222233344
1222234455
1222234555, 0222233344
1222235555, 0222233344
1222244444, 1222333333
1222244445, 1222233334
1222244455, 1222233334
1222244555, 1222233334
1222245555, 1222233334
1222255555, 2222223334
1222333333
1222333334, 0113344455
1222333335, 0112444455
1222333344, 0123334455
1222333345, 0122344455
1222333355, 0122344455
1222333444, 0223333455
1222333445, 0222334455
1222333455
1222333555, 0222334455
1222334444, 1223333355
1222334445, 1222333455
1222334455, 1222333455
1222334555, 1222333455
1222335555, 2222233455
1222344444, 0222333334
1222344445, 0222233344
1222344455, 0222233344
1222344555, 0222233344
1222345555, 0222233344
1222355555
1222444444, 1223333355
1222444445, 1222333455
1222444455, 1222333455
1222444555, 1222333455
1222445555
1222455555, 0222233344
1222555555, 2222233455
1223333333, 0124445555
1223333334, 0133445555
1223333335, 0124445555
1223333344, 0233345555
1223333345, 0223445555
1223333355
1223333444, 1233335555
1223333445, 1223345555
1223333455, 1223345555
1223333555, 2222345555
1223334444, 0223333455
1223334445, 0222334455
1223334455, 0222334455
1223334555, 0222334455
1223335555, 1222333455
1223344444, 0122333344
1223344445, 0122233444
1223344455, 0122233444
1223344555, 0122233444
1223345555
1223355555, 1222233334
1223444444, 0223333455
1223444445, 0222334455
1223444455, 0222334455
1223444555, 0222334455
1223445555, 1222333455
1223455555, 0222233344
1223555555, 1222333455
1224444444, 1233335555
1224444445, 1223345555
1224444455, 1223345555
1224444555, 2222345555
1224445555, 0222334455
1224455555, 0122233444
1224555555, 0222334455
1225555555
1233333333, 0244555555
1233333334, 0334555555
1233333335, 0244555555
1233333344, 1333555555
1233333345, 1234555555
1233333355, 2224555555
1233333444, 0233345555
1233333445, 0223445555
1233333455, 0223445555
1233333555, 1223345555
1233334444, 0123334455
1233334445, 0122344455
1233334455, 0122344455
1233334555, 0222334455
1233335555
1233344444, 0112333444
1233344445, 0112234444
1233344455, 0112234444
1233344555, 0122233444
1233345555, 0222233344
1233355555, 1222233334
1233444444, 0123334455
1233444445, 0122344455
1233444455, 0122344455
1233444555, 0222334455
1233445555, 1222333455
1233455555, 0222233344
1233555555, 1222333455
1234444444, 0233345555
1234444445, 0223445555
1234444455, 0223445555
1234444555, 1223345555
1234445555, 0222334455
1234455555, 0122233444
1234555555
1235555555, 1223345555
1244444444, 1333555555
1244444445, 1234555555
1244444455, 2224555555
1244444555, 0223445555
1244445555, 0122344455
1244455555, 0112234444
1244555555, 0122344455
1245555555, 0223445555
1255555555, 2224555555
1333333333, 1455555555
1333333334, 2355555555
1333333335, 2355555555
1333333344, 0334555555
1333333345, 0244555555
1333333355, 1234555555
1333333444, 0133445555
1333333445, 0124445555
1333333455, 0223445555
1333333555, 1223345555
1333334444, 0113344455
1333334445, 0112444455
1333334455, 0122344455
1333334555, 0222334455
1333335555, 1222333455
1333344444, 0111334444
1333344445, 0111244444
1333344455, 0112234444
1333344555, 0122233444
1333345555, 0222233344
1333355555, 1222233334
1333444444, 0113344455
1333444445, 0112444455
1333444455, 0122344455
1333444555, 0222334455
1333445555, 1222333455
1333455555, 0222233344
1333555555
1334444444, 0133445555
1334444445, 0124445555
1334444455, 0223445555
1334444555, 1223345555
1334445555, 0222334455
1334455555, 0122233444
1334555555, 0222334455
1335555555, 1223345555
1344444444, 0334555555
1344444445, 0244555555
1344444455, 1234555555
1344444555, 0223445555
1344445555, 0122344455
1344455555, 0112234444
1344555555, 0122344455
1345555555, 0223445555
1355555555, 1234555555
1444444444, 2355555555
1444444445, 2355555555
1444444455, 0244555555
1444444555, 0124445555
1444445555, 0112444455
1444455555, 0111244444
1444555555, 0112444455
1445555555, 0124445555
1455555555
1555555555, 2355555555
2222222222, 0000000000
2222222223, 0555555555
2222222224, 1455555555
2222222225, 2355555555
2222222233, 0145555555
2222222234, 0244555555
2222222235, 0334555555
2222222244, 1234555555
2222222245, 1333555555
2222222255, 2233555555
2222222333, 0114455555
2222222334, 0124445555
2222222335, 0133445555
2222222344, 0223445555
2222222345, 0233345555
2222222355, 0233345555
2222222444, 1223345555
2222222445, 1233335555
2222222455, 1233335555
2222222555, 2223335555
2222223333, 0111444555
2222223334
2222223335, 0113344455
2222223344, 0122344455
2222223345, 0123334455
2222223355, 0123334455
2222223444, 0222334455
2222223445, 0223333455
2222223455, 0223333455
2222223555, 0223333455
2222224444, 1222333455
2222224445, 1223333355
2222224455, 1223333355
2222224555, 1223333355
2222225555, 2222333355
2222233333
2222233334, 0111244444
2222233335, 0111334444
2222233344, 0112234444
2222233345, 0112333444
2222233355, 0112333444
2222233444, 0122233444
2222233445, 0122333344
2222233455
2222233555, 0122333344
2222234444, 0222233344
2222234445, 0222333334
2222234455, 0222333334
2222234555, 0222333334
2222235555, 0222333334
2222244444, 1222233334
2222244445, 1222333333
2222244455, 1222333333
2222244555, 1222333333
2222245555, 1222333333
2222255555, 2222233333
2222333333, 0111444555
2222333334, 0112444455
2222333335, 0113344455
2222333344, 0122344455
2222333345, 0123334455
2222333355
2222333444, 0222334455
2222333445, 0223333455
2222333455, 0223333455
2222333555, 0223333455
2222334444, 1222333455
2222334445, 1223333355
2222334455, 1223333355
2222334555, 1223333355
2222335555, 2222333355
2222344444, 0222233344
2222344445, 0222333334
2222344455, 0222333334
2222344555, 0222333334
2222345555
2222355555, 1222333333
2222444444, 1222333455
2222444445, 1223333355
2222444455, 1223333355
2222444555, 1223333355
2222445555, 2222333355
2222455555, 0222333334
2222555555, 2222333355
2223333333, 0114455555
2223333334, 0124445555
2223333335, 0133445555
2223333344, 0223445555
2223333345, 0233345555
2223333355, 0233345555
2223333444, 1223345555
2223333445, 1233335555
2223333455, 1233335555
2223333555, 2223335555
2223334444, 0222334455
2223334445, 0223333455
2223334455, 0223333455
2223334555, 0223333455
2223335555
2223344444, 0122233444
2223344445, 0122333344
2223344455, 0122333344
2223344555, 0122333344
2223345555, 0222333334
2223355555, 1222333333
2223444444, 0222334455
2223444445, 0223333455
2223444455, 0223333455
2223444555, 0223333455
2223445555, 1223333355
2223455555, 0222333334
2223555555, 1223333355
2224444444, 1223345555
2224444445, 1233335555
2224444455, 1233335555
2224444555, 2223335555
2224445555, 0223333455
2224455555, 0122333344
2224555555
2225555555, 2223335555
2233333333, 0145555555
2233333334, 0244555555
2233333335, 0334555555
2233333344, 1234555555
2233333345, 1333555555
2233333355, 2233555555
2233333444, 0223445555
2233333445, 0233345555
2233333455, 0233345555
2233333555, 1233335555
2233334444, 0122344455
2233334445, 0123334455
2233334455, 0123334455
2233334555, 0223333455
2233335555, 1223333355
2233344444, 0112234444
2233344445, 0112333444
2233344455, 0112333444
2233344555, 0122333344
2233345555, 0222333334
2233355555, 1222333333
2233444444, 0122344455
2233444445, 0123334455
2233444455, 0123334455
2233444555, 0223333455
2233445555, 1223333355
2233455555, 0222333334
2233555555
2234444444, 0223445555
2234444445, 0233345555
2234444455, 0233345555
2234444555, 1233335555
2234445555, 0223333455
2234455555, 0122333344
2234555555, 0223333455
2235555555, 1233335555
2244444444, 1234555555
2244444445, 1333555555
2244444455, 2233555555
2244444555, 0233345555
2244445555, 0123334455
2244455555, 0112333444
2244555555, 0123334455
2245555555, 0233345555
2255555555, 2233555555
2333333333, 0555555555
2333333334, 1455555555
2333333335, 2355555555
2333333344, 0244555555
2333333345, 0334555555
2333333355, 1333555555
2333333444, 0124445555
2333333445, 0133445555
2333333455, 0233345555
2333333555, 1233335555
2333334444, 0112444455
2333334445, 0113344455
2333334455, 0123334455
2333334555, 0223333455
2333335555, 1223333355
2333344444, 0111244444
2333344445, 0111334444
2333344455, 0112333444
2333344555, 0122333344
2333345555, 0222333334
2333355555, 1222333333
2333444444, 0112444455
2333444445, 0113344455
2333444455, 0123334455
2333444555, 0223333455
2333445555, 1223333355
2333455555, 0222333334
2333555555, 1223333355
2334444444, 0124445555
2334444445, 0133445555
2334444455, 0233345555
2334444555, 1233335555
2334445555, 0223333455
2334455555, 0122333344
2334555555, 0223333455
2335555555, 1233335555
2344444444, 0244555555
2344444445, 0334555555
2344444455, 1333555555
2344444555, 0233345555
2344445555, 0123334455
2344455555, 0112333444
2344555555, 0123334455
2345555555, 0233345555
2355555555
2444444444, 1455555555
2444444445, 2355555555
2444444455, 0334555555
2444444555, 0133445555
2444445555, 0113344455
2444455555, 0111334444
2444555555, 0113344455
2445555555, 0133445555
2455555555, 0334555555
2555555555, 2355555555
3333333333, 0000000000
3333333334, 0555555555
3333333335, 1455555555
3333333344, 0145555555
3333333345, 0244555555
3333333355, 1234555555
3333333444, 0114455555
3333333445, 0124445555
3333333455, 0223445555
3333333555, 1223345555
3333334444, 0111444555
3333334445, 0112444455
3333334455, 0122344455
3333334555, 0222334455
3333335555, 1222333455
3333344444, 0111144445
3333344445, 0111244444
3333344455, 0112234444
3333344555, 0122233444
3333345555, 0222233344
3333355555, 1222233334
3333444444, 0111444555
3333444445, 0112444455
3333444455, 0122344455
3333444555, 0222334455
3333445555, 1222333455
3333455555, 0222233344
3333555555, 1222333455
3334444444, 0114455555
3334444445, 0124445555
3334444455, 0223445555
3334444555, 1223345555
3334445555, 0222334455
3334455555, 0122233444
3334555555, 0222334455
3335555555, 1223345555
3344444444, 0145555555
3344444445, 0244555555
3344444455, 1234555555
3344444555, 0223445555
3344445555, 0122344455
3344455555, 0112234444
3344555555, 0122344455
3345555555, 0223445555
3355555555, 1234555555
3444444444, 0555555555
3444444445, 1455555555
3444444455, 0244555555
3444444555, 0124445555
3444445555, 0112444455
3444455555, 0111244444
3444555555, 0112444455
3445555555, 0124445555
3455555555, 0244555555
3555555555, 1455555555
4444444444, 0000000000
4444444445, 0555555555
4444444455, 0145555555
4444444555, 0114455555
4444445555, 0111444555
4444455555, 0111144445
4444555555, 0111444555
4445555555, 0114455555
4455555555, 0145555555
4555555555, 0555555555
5555555555, 0000000000
