Base 6
8 digits

Rings found: 6
Ring-Lengths: 127211
Length Average: 2.333333333333
Linkages:
00000000, 00000000, Ring-Length: 1
00000001, 05555555, 14555555, 02445555, 01123445, 01223345, 01123445, Ring-Length: 2
00000002, 14555555
00000003, 23555555, 13335555, 12223334, 01133444, 22223455, 02233334, 01244455, 11134555, 01124444, 12223334, Ring-Length: 7
00000004, 23555555
00000005, 14555555
00000011, 01455555, 01144555, 11134555
00000012, 02445555
00000013, 03345555, 01223345
00000014, 02445555
00000015, 01455555
00000022, 12345555, 02223344, 01223444, 02223344, Ring-Length: 2
00000023, 13335555
00000024, 12345555
00000025, 11355555, 11234455, 01223444
00000033, 22335555, 12233333, 01244455
00000034, 22245555, 02233334
00000035, 12255555, 22223455
00000044, 12345555
00000045, 11355555
00000055, 01455555
00000111, 01144555
00000112, 01244455
00000113, 01334455, 01114445, 12222335, 01244455
00000114, 01244455
00000115, 01144555
00000122, 02234455, 01223345
00000123, 02333455, 01234555, 01123445
00000124, 02234455
00000125, 01234555
00000133, 02333455
00000134, 02234455
00000135, 01234555
00000144, 01244455
00000145, 01144555
00000155, 00145555, 00114455, 01222355, 01144555
00000222, 12233455, 12233455, Ring-Length: 1
00000223, 12333355, 22245555
00000224, 12233455
00000225, 11233555, 12224455, 12223334
00000233, 12333355
00000234, 12233455
00000235, 11233555
00000244, 11234455
00000245, 11134555
00000255, 01135555, 11113445, 12223334
00000333, 22233355, 02333455
00000334, 22223455
00000335, 12223555, 02223344
00000344, 12224455
00000345, 11224555, 11223344, 01233344, 02234455
00000355, 01225555, 11222345, 02234455
00000444, 11234455
00000445, 11134555
00000455, 01135555
00000555, 00145555
00001111, 01114445
00001112, 01124444
00001113, 01133444
00001114, 01124444
00001115, 01114445
00001122, 01223444
00001123, 01233344
00001124, 01223444
00001125, 01123445
00001133, 01233344
00001134, 01223444
00001135, 01123445
00001144, 01124444
00001145, 01114445
00001155, 00114455
00001222, 02223344
00001223, 02233334
00001224, 02223344
00001225, 01223345
00001233, 02233334
00001234, 02223344
00001235, 01223345
00001244, 01223444
00001245, 01123445
00001255, 00123455, 00123455, Ring-Length: 1
00001333, 02233334
00001334, 02223344
00001335, 01223345
00001344, 01223444
00001345, 01123445
00001355, 00123455
00001444, 01124444
00001445, 01114445
00001455, 00114455
00001555, 00014555, 00122555, 01135555
00002222, 12223334
00002223, 12233333
00002224, 12223334
00002225, 11223335, 01223444
00002233, 12233333
00002234, 12223334
00002235, 11223335
00002244, 11223344
00002245, 11123345, 02223344
00002255, 01123355, 01123445
00002333, 12233333
00002334, 12223334
00002335, 11223335
00002344, 11223344
00002345, 11123345
00002355, 01123355
00002444, 11123444, 02233334
00002445, 11113445
00002455, 01113455, 11123345
00002555, 00113555, 01113455
00003333, 22223333, 01114445
00003334, 22222334, 01244455
00003335, 12222335
00003344, 12222344, 02333455
00003345, 11222345
00003355, 01222355
00003444, 11222444, 12333355
00003445, 11122445, 22223455
00003455, 01122455, 11224555
00003555, 00122555
00004444, 11123444
00004445, 11113445
00004455, 01113455
00004555, 00113555
00005555, 00014555
00011111, 01144555
00011112, 01244455
00011113, 01334455
00011114, 01244455
00011115, 01144555
00011122, 02234455
00011123, 02333455
00011124, 02234455
00011125, 01234555
00011133, 02333455
00011134, 02234455
00011135, 01234555
00011144, 01244455
00011145, 01144555
00011155, 00145555
00011222, 12233455
00011223, 12333355
00011224, 12233455
00011225, 11233555
00011233, 12333355
00011234, 12233455
00011235, 11233555
00011244, 11234455
00011245, 11134555
00011255, 01135555
00011333, 22233355
00011334, 22223455
00011335, 12223555
00011344, 12224455
00011345, 11224555
00011355, 01225555
00011444, 11234455
00011445, 11134555
00011455, 01135555
00011555, 00145555
00012222, 02223344
00012223, 02233334
00012224, 02223344
00012225, 01223345
00012233, 02233334
00012234, 02223344
00012235, 01223345
00012244, 01223444
00012245, 01123445
00012255, 00123455
00012333, 02233334
00012334, 02223344
00012335, 01223345
00012344, 01223444
00012345, 01123445
00012355, 00123455
00012444, 01124444
00012445, 01114445
00012455, 00114455
00012555, 00014555
00013333, 12233333
00013334, 12223334
00013335, 11223335
00013344, 11223344
00013345, 11123345
00013355, 01123355
00013444, 11123444
00013445, 11113445
00013455, 01113455
00013555, 00113555
00014444, 11222444
00014445, 11122445
00014455, 01122455
00014555
00015555, 00113555
00022222, 12233455
00022223, 12333355
00022224, 12233455
00022225, 11233555
00022233, 12333355
00022234, 12233455
00022235, 11233555
00022244, 11234455
00022245, 11134555
00022255, 01135555
00022333, 22233355
00022334, 22223455
00022335, 12223555
00022344, 12224455
00022345, 11224555
00022355, 01225555
00022444, 11234455
00022445, 11134555
00022455, 01135555
00022555, 00145555
00023333, 02233334
00023334, 02223344
00023335, 01223345
00023344, 01223444
00023345, 01123445
00023355, 00123455
00023444, 01124444
00023445, 01114445
00023455, 00114455
00023555, 00014555
00024444, 11123444
00024445, 11113445
00024455, 01113455
00024555, 00113555
00025555, 00122555
00033333, 22233355
00033334, 22223455
00033335, 12223555
00033344, 12224455
00033345, 11224555
00033355, 01225555
00033444, 11234455
00033445, 11134555
00033455, 01135555
00033555, 00145555
00034444, 01124444
00034445, 01114445
00034455, 00114455
00034555, 00014555
00035555, 00113555
00044444, 11234455
00044445, 11134555
00044455, 01135555
00044555, 00145555
00045555, 00014555
00055555, 00145555
00111111, 01455555
00111112, 02445555
00111113, 03345555
00111114, 02445555
00111115, 01455555
00111122, 12345555
00111123, 13335555
00111124, 12345555
00111125, 11355555
00111133, 22335555
00111134, 22245555
00111135, 12255555
00111144, 12345555
00111145, 11355555
00111155, 01455555
00111222, 02234455
00111223, 02333455
00111224, 02234455
00111225, 01234555
00111233, 02333455
00111234, 02234455
00111235, 01234555
00111244, 01244455
00111245, 01144555
00111255, 00145555
00111333, 12333355
00111334, 12233455
00111335, 11233555
00111344, 11234455
00111345, 11134555
00111355, 01135555
00111444, 12224455
00111445, 11224555
00111455, 01225555
00111555, 01135555
00112222, 01223444
00112223, 01233344
00112224, 01223444
00112225, 01123445
00112233, 01233344
00112234, 01223444
00112235, 01123445
00112244, 01124444
00112245, 01114445
00112255, 00114455
00112333, 02233334
00112334, 02223344
00112335, 01223345
00112344, 01223444
00112345, 01123445
00112355, 00123455
00112444, 01223444
00112445, 01123445
00112455, 00123455
00112555, 00114455
00113333, 12233333
00113334, 12223334
00113335, 11223335
00113344, 11223344
00113345, 11123345
00113355, 01123355
00113444, 11223344
00113445, 11123345
00113455, 01123355
00113555
00114444, 12222344
00114445, 11222345
00114455
00114555, 01122455
00115555, 01113455
00122222, 02234455
00122223, 02333455
00122224, 02234455
00122225, 01234555
00122233, 02333455
00122234, 02234455
00122235, 01234555
00122244, 01244455
00122245, 01144555
00122255, 00145555
00122333, 12333355
00122334, 12233455
00122335, 11233555
00122344, 11234455
00122345, 11134555
00122355, 01135555
00122444, 12224455
00122445, 11224555
00122455, 01225555
00122555
00123333, 02233334
00123334, 02223344
00123335, 01223345
00123344, 01223444
00123345, 01123445
00123355, 00123455
00123444, 01223444
00123445, 01123445
00123455
00123555, 00114455
00124444, 11223344
00124445, 11123345
00124455, 01123355
00124555, 01113455
00125555, 01122455
00133333, 12333355
00133334, 12233455
00133335, 11233555
00133344, 11234455
00133345, 11134555
00133355, 01135555
00133444, 12224455
00133445, 11224555
00133455, 01225555
00133555, 01135555
00134444, 01223444
00134445, 01123445
00134455, 00123455
00134555, 00114455
00135555, 01113455
00144444, 12224455
00144445, 11224555
00144455, 01225555
00144555, 01135555
00145555
00155555, 01135555
00222222, 12345555
00222223, 13335555
00222224, 12345555
00222225, 11355555
00222233, 22335555
00222234, 22245555
00222235, 12255555
00222244, 12345555
00222245, 11355555
00222255, 01455555
00222333, 02333455
00222334, 02234455
00222335, 01234555
00222344, 01244455
00222345, 01144555
00222355, 00145555
00222444, 11234455
00222445, 11134555
00222455, 01135555
00222555, 01225555
00223333, 01233344
00223334, 01223444
00223335, 01123445
00223344, 01124444
00223345, 01114445
00223355, 00114455
00223444, 01223444
00223445, 01123445
00223455, 00123455
00223555, 00123455
00224444, 11223344
00224445, 11123345
00224455, 01123355
00224555, 01123355
00225555, 01222355
00233333, 02333455
00233334, 02234455
00233335, 01234555
00233344, 01244455
00233345, 01144555
00233355, 00145555
00233444, 11234455
00233445, 11134555
00233455, 01135555
00233555, 01225555
00234444, 01223444
00234445, 01123445
00234455, 00123455
00234555, 00123455
00235555, 01123355
00244444, 11234455
00244445, 11134555
00244455, 01135555
00244555, 01225555
00245555, 00123455
00255555, 01225555
00333333, 22335555
00333334, 22245555
00333335, 12255555
00333344, 12345555
00333345, 11355555
00333355, 01455555
00333444, 01244455
00333445, 01144555
00333455, 00145555
00333555, 01135555
00334444, 01124444
00334445, 01114445
00334455, 00114455
00334555, 00123455
00335555, 01123355
00344444, 01244455
00344445, 01144555
00344455, 00145555
00344555, 01135555
00345555, 00123455
00355555, 01135555
00444444, 12345555
00444445, 11355555
00444455, 01455555
00444555, 00145555
00445555, 00114455
00455555, 00145555
00555555, 01455555
01111111, 05555555
01111112, 14555555
01111113, 23555555
01111114, 23555555
01111115, 14555555
01111122, 02445555
01111123, 03345555
01111124, 02445555
01111125, 01455555
01111133, 13335555
01111134, 12345555
01111135, 11355555
01111144, 22245555
01111145, 12255555
01111155, 11355555
01111222, 01244455
01111223, 01334455
01111224, 01244455
01111225, 01144555
01111233, 02333455
01111234, 02234455
01111235, 01234555
01111244, 02234455
01111245, 01234555
01111255, 01144555
01111333, 12333355
01111334, 12233455
01111335, 11233555
01111344, 12233455
01111345, 11233555
01111355, 11134555
01111444, 22223455
01111445, 12223555
01111455, 11224555
01111555, 11134555
01112222, 01124444
01112223, 01133444
01112224, 01124444
01112225, 01114445
01112233, 01233344
01112234, 01223444
01112235, 01123445
01112244, 01223444
01112245, 01123445
01112255, 01114445
01112333, 02233334
01112334, 02223344
01112335, 01223345
01112344, 02223344
01112345, 01223345
01112355, 01123445
01112444, 02223344
01112445, 01223345
01112455, 01123445
01112555, 01114445
01113333, 12233333
01113334, 12223334
01113335, 11223335
01113344, 12223334
01113345, 11223335
01113355, 11123345
01113444, 12223334
01113445, 11223335
01113455
01113555, 11113445
01114444, 22222334
01114445
01114455, 11222345
01114555, 11122445
01115555, 11113445
01122222, 01244455
01122223, 01334455
01122224, 01244455
01122225, 01144555
01122233, 02333455
01122234, 02234455
01122235, 01234555
01122244, 02234455
01122245, 01234555
01122255, 01144555
01122333, 12333355
01122334, 12233455
01122335, 11233555
01122344, 12233455
01122345, 11233555
01122355, 11134555
01122444, 22223455
01122445, 12223555
01122455
01122555, 11134555
01123333, 02233334
01123334, 02223344
01123335, 01223345
01123344, 02223344
01123345, 01223345
01123355
01123444, 02223344
01123445
01123455, 01123445
01123555, 01114445
01124444
01124445, 11223335
01124455, 11123345
01124555, 11113445
01125555, 11122445
01133333, 12333355
01133334, 12233455
01133335, 11233555
01133344, 12233455
01133345, 11233555
01133355, 11134555
01133444
01133445, 12223555
01133455, 11224555
01133555, 11134555
01134444, 02223344
01134445, 01223345
01134455, 01123445
01134555, 01114445
01135555
01144444, 22223455
01144445, 12223555
01144455, 11224555
01144555
01145555, 01114445
01155555, 11134555
01222222, 02445555
01222223, 03345555
01222224, 02445555
01222225, 01455555
01222233, 13335555
01222234, 12345555
01222235, 11355555
01222244, 22245555
01222245, 12255555
01222255, 11355555
01222333, 02333455
01222334, 02234455
01222335, 01234555
01222344, 02234455
01222345, 01234555
01222355
01222444, 12233455
01222445, 11233555
01222455, 11134555
01222555, 11224555
01223333, 01233344
01223334, 01223444
01223335, 01123445
01223344, 01223444
01223345
01223355, 01114445
01223444
01223445, 01223345
01223455, 01123445
01223555, 01123445
01224444, 12223334
01224445, 11223335
01224455, 11123345
01224555, 11123345
01225555
01233333, 02333455
01233334, 02234455
01233335, 01234555
01233344
01233345, 01234555
01233355, 01144555
01233444, 12233455
01233445, 11233555
01233455, 11134555
01233555, 11224555
01234444, 02223344
01234445, 01223345
01234455, 01123445
01234555
01235555, 11123345
01244444, 12233455
01244445, 11233555
01244455
01244555, 11224555
01245555, 01123445
01255555, 11224555
01333333, 13335555
01333334, 12345555
01333335, 11355555
01333344, 22245555
01333345, 12255555
01333355, 11355555
01333444, 02234455
01333445, 01234555
01333455, 01144555
01333555, 11134555
01334444, 01223444
01334445, 01123445
01334455
01334555, 01123445
01335555, 11123345
01344444, 02234455
01344445, 01234555
01344455, 01144555
01344555, 11134555
01345555, 01123445
01355555, 11134555
01444444, 22245555
01444445, 12255555
01444455, 11355555
01444555, 01144555
01445555, 01114445
01455555
01555555, 11355555
02222222, 14555555
02222223, 23555555
02222224, 23555555
02222225, 14555555
02222233, 03345555
02222234, 02445555
02222235, 01455555
02222244, 12345555
02222245, 11355555
02222255, 12255555
02222333, 01334455
02222334, 01244455
02222335, 01144555
02222344, 02234455
02222345, 01234555
02222355, 01234555
02222444, 12233455
02222445, 11233555
02222455, 11233555
02222555, 12223555
02223333, 01133444
02223334, 01124444
02223335, 01114445
02223344
02223345, 01123445
02223355, 01123445
02223444, 02223344
02223445, 01223345
02223455, 01223345
02223555, 01223345
02224444, 12223334
02224445, 11223335
02224455, 11223335
02224555, 11223335
02225555, 12222335
02233333, 01334455
02233334
02233335, 01144555
02233344, 02234455
02233345, 01234555
02233355, 01234555
02233444, 12233455
02233445, 11233555
02233455, 11233555
02233555, 12223555
02234444, 02223344
02234445, 01223345
02234455
02234555, 01223345
02235555, 11223335
02244444, 12233455
02244445, 11233555
02244455, 11233555
02244555, 12223555
02245555, 01223345
02255555, 12223555
02333333, 03345555
02333334, 02445555
02333335, 01455555
02333344, 12345555
02333345, 11355555
02333355, 12255555
02333444, 02234455
02333445, 01234555
02333455
02333555, 11233555
02334444, 01223444
02334445, 01123445
02334455, 01123445
02334555, 01223345
02335555, 11223335
02344444, 02234455
02344445, 01234555
02344455, 01234555
02344555, 11233555
02345555, 01223345
02355555, 11233555
02444444, 12345555
02444445, 11355555
02444455, 12255555
02444555, 01234555
02445555
02455555, 01234555
02555555, 12255555
03333333, 23555555
03333334, 23555555
03333335, 14555555
03333344, 02445555
03333345, 01455555
03333355, 11355555
03333444, 01244455
03333445, 01144555
03333455, 01234555
03333555, 11233555
03334444, 01124444
03334445, 01114445
03334455, 01123445
03334555, 01223345
03335555, 11223335
03344444, 01244455
03344445, 01144555
03344455, 01234555
03344555, 11233555
03345555
03355555, 11233555
03444444, 02445555
03444445, 01455555
03444455, 11355555
03444555, 01234555
03445555, 01123445
03455555, 01234555
03555555, 11355555
04444444, 23555555
04444445, 14555555
04444455, 01455555
04444555, 01144555
04445555, 01114445
04455555, 01144555
04555555, 01455555
05555555
11111111, 00000000
11111112, 05555555
11111113, 14555555
11111114, 23555555
11111115, 23555555
11111122, 01455555
11111123, 02445555
11111124, 03345555
11111125, 02445555
11111133, 12345555
11111134, 13335555
11111135, 12345555
11111144, 22335555
11111145, 22245555
11111155, 12345555
11111222, 01144555
11111223, 01244455
11111224, 01334455
11111225, 01244455
11111233, 02234455
11111234, 02333455
11111235, 02234455
11111244, 02333455
11111245, 02234455
11111255, 01244455
11111333, 12233455
11111334, 12333355
11111335, 12233455
11111344, 12333355
11111345, 12233455
11111355, 11234455
11111444, 22233355
11111445, 22223455
11111455, 12224455
11111555, 11234455
11112222, 01114445
11112223, 01124444
11112224, 01133444
11112225, 01124444
11112233, 01223444
11112234, 01233344
11112235, 01223444
11112244, 01233344
11112245, 01223444
11112255, 01124444
11112333, 02223344
11112334, 02233334
11112335, 02223344
11112344, 02233334
11112345, 02223344
11112355, 01223444
11112444, 02233334
11112445, 02223344
11112455, 01223444
11112555, 01124444
11113333, 12223334
11113334, 12233333
11113335, 12223334
11113344, 12233333
11113345, 12223334
11113355, 11223344
11113444, 12233333
11113445
11113455, 11223344
11113555, 11123444
11114444, 22223333
11114445, 22222334
11114455, 12222344
11114555, 11222444
11115555, 11123444
11122222, 01144555
11122223, 01244455
11122224, 01334455
11122225, 01244455
11122233, 02234455
11122234, 02333455
11122235, 02234455
11122244, 02333455
11122245, 02234455
11122255, 01244455
11122333, 12233455
11122334, 12333355
11122335, 12233455
11122344, 12333355
11122345, 12233455
11122355, 11234455
11122444, 22233355
11122445
11122455, 12224455
11122555, 11234455
11123333, 02223344
11123334, 02233334
11123335, 02223344
11123344, 02233334
11123345
11123355, 01223444
11123444
11123445, 02223344
11123455, 01223444
11123555, 01124444
11124444, 12233333
11124445, 12223334
11124455, 11223344
11124555, 11123444
11125555, 11222444
11133333, 12233455
11133334, 12333355
11133335, 12233455
11133344, 12333355
11133345, 12233455
11133355, 11234455
11133444, 22233355
11133445, 22223455
11133455, 12224455
11133555, 11234455
11134444, 02233334
11134445, 02223344
11134455, 01223444
11134555
11135555, 11123444
11144444, 22233355
11144445, 22223455
11144455, 12224455
11144555, 11234455
11145555, 01124444
11155555, 11234455
11222222, 01455555
11222223, 02445555
11222224, 03345555
11222225, 02445555
11222233, 12345555
11222234, 13335555
11222235, 12345555
11222244, 22335555
11222245, 22245555
11222255, 12345555
11222333, 02234455
11222334, 02333455
11222335, 02234455
11222344, 02333455
11222345
11222355, 01244455
11222444
11222445, 12233455
11222455, 11234455
11222555, 12224455
11223333, 01223444
11223334, 01233344
11223335
11223344
11223345, 01223444
11223355, 01124444
11223444, 02233334
11223445, 02223344
11223455, 01223444
11223555, 01223444
11224444, 12233333
11224445, 12223334
11224455, 11223344
11224555
11225555, 12222344
11233333, 02234455
11233334, 02333455
11233335, 02234455
11233344, 02333455
11233345, 02234455
11233355, 01244455
11233444, 12333355
11233445, 12233455
11233455, 11234455
11233555
11234444, 02233334
11234445, 02223344
11234455
11234555, 01223444
11235555, 11223344
11244444, 12333355
11244445, 12233455
11244455, 11234455
11244555, 12224455
11245555, 01223444
11255555, 12224455
11333333, 12345555
11333334, 13335555
11333335, 12345555
11333344, 22335555
11333345, 22245555
11333355, 12345555
11333444, 02333455
11333445, 02234455
11333455, 01244455
11333555, 11234455
11334444, 01233344
11334445, 01223444
11334455, 01124444
11334555, 01223444
11335555, 11223344
11344444, 02333455
11344445, 02234455
11344455, 01244455
11344555, 11234455
11345555, 01223444
11355555
11444444, 22335555
11444445, 22245555
11444455, 12345555
11444555, 01244455
11445555, 01124444
11455555, 01244455
11555555, 12345555
12222222, 05555555
12222223, 14555555
12222224, 23555555
12222225, 23555555
12222233, 02445555
12222234, 03345555
12222235, 02445555
12222244, 13335555
12222245, 12345555
12222255, 22245555
12222333, 01244455
12222334, 01334455
12222335
12222344
12222345, 02234455
12222355, 02234455
12222444, 12333355
12222445, 12233455
12222455, 12233455
12222555, 22223455
12223333, 01124444
12223334
12223335, 01124444
12223344, 01233344
12223345, 01223444
12223355, 01223444
12223444, 02233334
12223445, 02223344
12223455, 02223344
12223555
12224444, 12233333
12224445, 12223334
12224455
12224555, 12223334
12225555, 22222334
12233333
12233334, 01334455
12233335, 01244455
12233344, 02333455
12233345, 02234455
12233355, 02234455
12233444, 12333355
12233445, 12233455
12233455
12233555, 22223455
12234444, 02233334
12234445, 02223344
12234455, 02223344
12234555, 02223344
12235555, 12223334
12244444, 12333355
12244445, 12233455
12244455, 12233455
12244555, 22223455
12245555, 02223344
12255555
12333333, 02445555
12333334, 03345555
12333335, 02445555
12333344, 13335555
12333345, 12345555
12333355
12333444, 02333455
12333445, 02234455
12333455, 02234455
12333555, 12233455
12334444, 01233344
12334445, 01223444
12334455, 01223444
12334555, 02223344
12335555, 12223334
12344444, 02333455
12344445, 02234455
12344455, 02234455
12344555, 12233455
12345555
12355555, 12233455
12444444, 13335555
12444445, 12345555
12444455, 22245555
12444555, 02234455
12445555, 01223444
12455555, 02234455
12555555, 22245555
13333333, 14555555
13333334, 23555555
13333335, 23555555
13333344, 03345555
13333345, 02445555
13333355, 12345555
13333444, 01334455
13333445, 01244455
13333455, 02234455
13333555, 12233455
13334444, 01133444
13334445, 01124444
13334455, 01223444
13334555, 02223344
13335555
13344444, 01334455
13344445, 01244455
13344455, 02234455
13344555, 12233455
13345555, 02223344
13355555, 12233455
13444444, 03345555
13444445, 02445555
13444455, 12345555
13444555, 02234455
13445555, 01223444
13455555, 02234455
13555555, 12345555
14444444, 23555555
14444445, 23555555
14444455, 02445555
14444555, 01244455
14445555, 01124444
14455555, 01244455
14555555
15555555, 23555555
22222222, 00000000
22222223, 05555555
22222224, 14555555
22222225, 23555555
22222233, 01455555
22222234, 02445555
22222235, 03345555
22222244, 12345555
22222245, 13335555
22222255, 22335555
22222333, 01144555
22222334
22222335, 01334455
22222344, 02234455
22222345, 02333455
22222355, 02333455
22222444, 12233455
22222445, 12333355
22222455, 12333355
22222555, 22233355
22223333
22223334, 01124444
22223335, 01133444
22223344, 01223444
22223345, 01233344
22223355, 01233344
22223444, 02223344
22223445, 02233334
22223455
22223555, 02233334
22224444, 12223334
22224445, 12233333
22224455, 12233333
22224555, 12233333
22225555, 22223333
22233333, 01144555
22233334, 01244455
22233335, 01334455
22233344, 02234455
22233345, 02333455
22233355
22233444, 12233455
22233445, 12333355
22233455, 12333355
22233555, 22233355
22234444, 02223344
22234445, 02233334
22234455, 02233334
22234555, 02233334
22235555, 12233333
22244444, 12233455
22244445, 12333355
22244455, 12333355
22244555, 22233355
22245555
22255555, 22233355
22333333, 01455555
22333334, 02445555
22333335, 03345555
22333344, 12345555
22333345, 13335555
22333355, 22335555
22333444, 02234455
22333445, 02333455
22333455, 02333455
22333555, 12333355
22334444, 01223444
22334445, 01233344
22334455, 01233344
22334555, 02233334
22335555
22344444, 02234455
22344445, 02333455
22344455, 02333455
22344555, 12333355
22345555, 02233334
22355555, 12333355
22444444, 12345555
22444445, 13335555
22444455, 22335555
22444555, 02333455
22445555, 01233344
22455555, 02333455
22555555, 22335555
23333333, 05555555
23333334, 14555555
23333335, 23555555
23333344, 02445555
23333345, 03345555
23333355, 13335555
23333444, 01244455
23333445, 01334455
23333455, 02333455
23333555, 12333355
23334444, 01124444
23334445, 01133444
23334455, 01233344
23334555, 02233334
23335555, 12233333
23344444, 01244455
23344445, 01334455
23344455, 02333455
23344555, 12333355
23345555, 02233334
23355555, 12333355
23444444, 02445555
23444445, 03345555
23444455, 13335555
23444555, 02333455
23445555, 01233344
23455555, 02333455
23555555
24444444, 14555555
24444445, 23555555
24444455, 03345555
24444555, 01334455
24445555, 01133444
24455555, 01334455
24555555, 03345555
25555555, 23555555
33333333, 00000000
33333334, 05555555
33333335, 14555555
33333344, 01455555
33333345, 02445555
33333355, 12345555
33333444, 01144555
33333445, 01244455
33333455, 02234455
33333555, 12233455
33334444, 01114445
33334445, 01124444
33334455, 01223444
33334555, 02223344
33335555, 12223334
33344444, 01144555
33344445, 01244455
33344455, 02234455
33344555, 12233455
33345555, 02223344
33355555, 12233455
33444444, 01455555
33444445, 02445555
33444455, 12345555
33444555, 02234455
33445555, 01223444
33455555, 02234455
33555555, 12345555
34444444, 05555555
34444445, 14555555
34444455, 02445555
34444555, 01244455
34445555, 01124444
34455555, 01244455
34555555, 02445555
35555555, 14555555
44444444, 00000000
44444445, 05555555
44444455, 01455555
44444555, 01144555
44445555, 01114445
44455555, 01144555
44555555, 01455555
45555555, 05555555
55555555, 00000000
